Symbols sorted by total frequency (large-> small) 
342 99 59 267 87 176 328 89 67 169 336 211 65 162 245 391 123 72 343 249 48 102 86 293 1 389 171 53 15 347 51 8 387 402 403 149 97 17 216 244 287 98 12 124 204 70 254 121 112 104 307 95 150 130 373 197 341 194 375 230 175 25 294 252 345 127 28 155 407 180 182 327 284 173 106 109 326 296 344 178 135 186 358 103 233 60 100 261 18 319 242 153 409 205 193 209 81 137 96 222 190 348 210 192 2 177 253 41 258 66 54 125 113 379 214 47 139 136 76 286 224 40 400 381 134 406 321 75 119 302 325 301 14 397 250 62 386 9 226 303 219 304 94 277 93 264 174 183 32 217 323 215 63 68 295 415 201 202 374 128 56 237 84 247 7 388 50 292 172 73 367 78 19 330 398 329 234 57 142 58 71 206 395 393 114 263 167 384 212 223 297 184 38 107 160 110 10 3 228 380 404 337 340 229 331 289 275 6 417 129 163 334 80 322 111 238 298 268 83 45 141 161 256 189 126 69 225 412 365 55 35 198 138 221 158 195 283 305 390 259 363 311 364 108 282 272 187 132 22 338 333 188 332 290 371 240 146 29 368 34 369 159 74 36 257 362 27 21 77 24 335 140 143 324 31 30 355 49 312 359 309 313 278 11 394 91 4 181 116 90 44 120 5 199 64 203 43 378 105 213 276 346 416 376 280 353 352 351 88 410 405 408 101 411 413 414 350 349 92 401 131 354 356 13 372 377 370 122 382 383 82 385 366 118 117 115 361 392 360 396 85 399 79 357 16 208 133 39 246 248 61 179 251 170 255 243 168 260 166 262 165 164 42 241 266 191 207 52 200 218 220 196 227 239 46 231 232 235 236 185 265 37 20 317 147 306 308 310 315 316 318 151 320 145 144 26 339 23 148 152 269 285 270 271 273 274 279 281 288 300 291 157 33 156 154 299 314


Make human rating pipeline

342: "bull, bull horns, pot, container, vessel, storage, crucible"
99: "two, twice, second"
59: "fish, swim, water"
267: "building, field, land, walls, room"
87: "path, road, two, straight, rod, stick"
176: stairs, ladder, wheat, crop
328: crucible, pot
89: three vertical lines in a row. "three, crops, wheat, stalks, trees" (possibly non-rebus)
67: close to fish phonetically 