IM77	Sign1	Sign2	Sign3	Sign4	Sign5	Sign6	Sign7	Sign8	Sign9	Sign10	Sign11	Sign12	Sign13	Sign14
1001	000	067	072	008	342	 	 	 	 	 	 	 	 	 
1001	393													
1002	*373	244	000											
1003	*086	055	267	099	121	072	336	089	211					
1004	059	127	245	343	075	245	245							
1005	296	342												
1006	233	081	099	389	065	336	089	087	155	124	169			
1007	*109	162												
1008	076	402	087	059	067	336	089	211						
1010	391	099	048	171	008	342								
1011	267	099	067	296	009	342	017	407	169					
1012	150	123	051	130	149	342	150	123	387	342				
1012	028	400	404											
1013	051	130	149	342										
1014	267	099	087	059	067	194	342							
1015	197	028	054						
1016	245	245	345	065	158	*169			
1016	393								
1017	221	127	345	053	171	059	*397	000	
1018	336								
1018	017	336	189	252					
1019	267	099	104	059	211				
1020	175	230	343	336	000	194	048	342	
1021	293	123	345	065	067	051	130	149	342
1022	267	099	204	367	342				
1023	*267	*099	053	087	059	048	294	342	
1024	293	123	343	072	065	008	342		
1025	112	169							
1026	087	197	087	099	336	347	342		
1027	000	*216	*123	051	130	342	048	342	
1028	086	381	099	048	008	342			
1029	293	123	344	102	402		
1030	336	089	211	097	086	015	
1031	*238	267	099	104	169		
1032	267	099	153	153	171	059	211
1033	223	149	180	099	072	219	342
1034	000	244	342				
1035	219	381	099	109	162		
1036	076	402	068	287	267		
1037	409	096	019	391			
1038	244	017	336				
1039	267	099	100	155	*102	000	
1040	065	249	169	342			
1041	293	123	343	102	059	211	
1042	034	099	072	325	296	087	342
1043	027	297	012				
1044	065	053	342				
1045	387	014								
1046	311	211	176							
1047	054	237	175	180	099	087	059	067	216	000
1048	150	162	100	087	060					
1049	387	206	252	099	067	375	051	155	347	342
1050	409	096	019	099	171	008	342			
1051	106	178	254	099	163					
1052	175	*181	400	099	065	249	162			
1052	342									
1053	067	072	342	139						
1054	253	230	089	089	267	099	106	169		
1055	086	397	169							
1056	249	336	075	245	245					
1057	267	099	065	342	*139					
1058	400	396	169	099	048	193	342			
1059	284	099	*009	000						
1060	054	028	162	100	065	347	342		
1061	391	098	336	162					
1065	087	028	257	099	067	070	336	089	211
1066	210	086	099	389	060	204	108	358	342
1067	397	051	267	402	098				
1068	171	059	336	089	211				
1069	028	180	402						
1070	345	028	176						
1071	261	371	059	097	114	169			
1072	215	298	009	342	001				
1073	*104	000							
1074	391	099	289	342					
1075	072	327	254						
1076	391	099	104	162					
1077	089	381	307	081	099	*067	403	087	342
1078	267	099	124	025	342				
1079	391	099	087	059	067	121	014						
1080	267	099	387	067	406	162							
1081	*087	249	162	343	087	059	127	342					
1082	267	099	087	059	296	342	*087						
1083	054	054	342										
1084	001	001	379	194									
1085	267	099	000										
1086	267	099	124	342									
1087	087	244	028	162	099	065	067	087	059	051	130	149	342
1088	391	099	387	067	059	211							
1089	000	*059	192	347	342								
1090	197	336	342	205	*060								
1091	267	099	102	162									
1092	028	162	343	106	287	342							
1093	067												
1093	342	082	342										
1093	347	342						
1094	267	099	171	059	336	089	211	
1095	150	123	070	389	342			
1096	267	099	067	216	254			
1097	*086	267	099	067	348	342		
1098	267	099	065	347	342			
1099	*050	403	343	194	008	342		
1099	266							
1100	150	123	293	051	342			
1101	017	051	245	245				
1101	186	149						
1102	133	150						
1103	267	402	059	211				
1104	267	099	387	072	336	089	348	342
1105	391	099	121	389	059	336	089	211
1106	150	123	086	343	319			
1107	047	343	072	053	342			
1108	293	402	097	067	349	342		
1109	391	097	065	067	342	001		
1110	391	216	053	125	059	391	176	176
1111	000	387	017	261	139			
1112	000	*059	342	001				
1112	000	336	*275					
1113	094	123	124	112	197	342		
1114	391	099	087	059	296	342		
1115	267	099	336	051	342	001		
1116	102	017	008	342	176			
1117	173	059	002	012				
1118	286	025	176	342				
1119	048	342	065	342	224			
1120	087	059	296	342				
1121	245	053	099	175	012			
1122	242	342	098	292	342	
1123	204	110	342			
1125	048	342	375	060		
1126	391	099	387	087	326	342
1127	267	099	124	012		
1128	331	162	402			
1129	215	287	102	015		
1130	164	125	059	253	230	342
1131	267	099	106	162		
1132	252	387	015			
1133	104	*162				
1134	391	123	059	053	342	
1135	075	053	176			
1135	374					
1136	216	123	139			
1137	000	067	008	342		
1138	000	*081	176					
1139	197	400	099	175	230	053	343	
1139	244	342	282					
1140	293	123	343	136	193	342		
1141	086	000						
1142	028	336	182	099	387	072	348	342
1143	267	099	104	162				
1144	000	097	078	267				
1145	293	123	344	336	347	342		
1146	267	099	112	194	403	087	342	
1147	387	066	336	089	211			
1148	391	099	062	342				
1149	150	123	389	072	296	342	124	169
1150	050	162	099	326	342			
1151	017	395	099	171	059	247	342	
1154	*059	053	342					
1155	127	343	067	059	211
1156	072	071	121	342	
1157	267	099	107	162	
1158	267	099	065	222	254
1159	245	245	343	104	162
1160	293	123	343	230	342
1161	389	182	293	327	342
1162	267	099	289	347	342
1163	204	*230	*015	176	
1164	*379	162	402		
1165	328	032	099	072	000
1166	387	000			
1167	*175				
1167	336	342			
1168	086	336	089	211	
1169	031				
1170	216	123	070	336	089	211	
1171	086	015					
1172	079	343	387	059	211		
1173	387	072	211	176			
1174	412	123	087	249	162	342	
1175	343	245	245	175	180		
1176	000	*171	059	182	293	211	
1177	171	060					
1178	*391	099	015	348	342		
1179	051	155	343	102	137	342	
1180	155	245	245	099	067	222	254
1181	267	099	336	051	342		
1182	057	209	343	005			
1183	265	343	326	342			
1185	*086	178	287	402			
1186	293	402	123	230	391	162	
1187	086	048	342			
1188	053	072	373	287	342	
1189	391	123	086	004		
1190	086	028	233	059		
1191	215	017	293	186	089	000
1192	391	123	124	342		
1193	149	*342				
1194	051	049	083			
1195	048	342	130			
1196	000	211				
1197	230	*211				
1198	067	171	059	211		
1199	065	053	342			
1200	391	099	327	342		
1201	253	230	342			
1202	086	336	075			
1203	267	402	097	137	395		
1204	389	389	176				
1205	087	403	087	015			
1206	329	212	328				
1207	076	104	169				
1208	072	296	342				
1209	329	089	171	008	342		
1209	154	303					
1211	400	125	059	123	112	197	342
1212	293	123	343	128	342		
1213	065	387	342				
1214	319	086	099	059	008	342	001
1215	267	233	342	403	087	342	
1217	387	342					
1218	086	002	012				
1219	197	177	081				
1220	102	162				
1221	391	097	294	375		
1222	254	343	087	249	162	342
1224	387	296	342			
1225	301	155	211			
1226	341	342				
1227	264	109	162	176	176	
1227	403	087	342	001	176	
1228	267	099	076	015		
1229	267	099	104	162		
1231	111	342				
1232	267	099	048	342		
1233	216	123	127	347	342	
1234	293	123	343	173	342	
1235	150	123	065	067	073	
1236	375	342				
1237	186	125	059	051	059
1237	078	347	342		
1238	222	254			
1239	267	099	000		
1240	244	336	000		
1242	129	245	125	*059	000
1243	109	162			
1244	327	254			
1245	221	267	342		
1246	267	099	104	169	
1247	*087	336	344	175	230
1247	053	342			
1248	245	245	330	176	
1249	109	162			
1251	072	336	089	211	176
1252	415	342			
1252	415	342					
1253	373	373	302	343	253	230	342
1253	089	245	245	132			
1254	072	211					
1255	*391	000					
1257	103	403	342				
1260	035	000					
1261	072	211					
1262	202	051	342	316			
1263	086	067	294	342			
1265	000	086	249	400	402		
1266	106	017	391	087			
1267	086	098	130				
1268	173	012					
1269	065	216	254				
1270	102	162					
1271	327	*017	000			
1272	293	342				
1273	120	087				
1274	267	099	207			
1275	000	102	287	342		
1276	056	095	000			
1277	065	171	059	211		
1278	267	099	343	100	*081	
1278	087	162	375			
1279	048	342				
1281	000	*100	169			
1282	102	216	245	000		
1283	065	135	342			
1285	284	124	342			
1286	355	343	086	175	176	211
1287	086	015				
1288	028	001			
1289	084	343	204	230	000
1290	000	072	000		
1291	267	099	000		
1292	250				
1293	216	123	000		
1294	284	099	348	342	
1295	072	048	342	001	
1296	289	342			
1297	267	402	000	*015	
1298	000	*135	347	342	
1299	000	*065	387	342	
1300	000	249	162	342	
1301	017	106	162		
1302	293	*233	342	175	
1302	214	342			
1303	167								
1303	015	409	096						
1305	028	267	342						
1306	244	081	099	098	072	065	053	342	224
1307	000	*012							
1308	070	072	388						
1309	109	169	097	051	182				
1310	249	336	099	171	008	342			
1311	284	106	287	342					
1312	000	010							
1313	067	072	000						
1314	216	173	099	109	059	211			
1315	403	400	099	249	162	012			
1316	066								
1317	267	099	072	065	204	*342			
1318	391	000	*171	*008	342				
1319	054	180	097	226	254				
1320	067	065	159	342					
1321	293	098	065	059	211	150	123	135	342
1321	104	039	229	404					
1322	267	099	175	230	053	171	008	342	
1323	000	065	059	294	342				
1324	238	267	099	087	059	067	211		
1325	403	187	342	171	008	342			
1325	374								
1325	025	409	096						
1326	267	099	072	065	336	089	211		
1327	391	099	070	211					
1328	267	099	072	192	342				
1329	182	058	343	098	211				
1329	175	214	282						
1330	395	099	059	296	342				
1331	293	123	343	100	017	342	
1332	216	123	072	388			
1332	393						
1333	150	297	345	053	342		
1334	267	099	041	245	342		
1335	391	123	223	342			
1336	215	086	175	176	342	001	
1337	244	336	347	252	391	098	
1338	076	076	284				
1339	102	017	008	342			
1340	267	099	341	336	307		
1340	197	326					
1341	391	099	173	342			
1341	242						
1342	087	186	344	070	078	347	342
1343	000	025	176	342	253	230	
1344	391	099	112	194	342		
1345	391	123	065	072	336	089	211
1346	253	230	099	106	162		
1347	037	342	098	086	067	211	
1348	017	293	197	060			
1349	376	*402	099	065	*375	000	
1350	065	072	222	254	176		
1351	267	099	067	296	342		
1355	216	097	135	342			
1355	242						
1357	000	180	227	*087	000		
1358	000	001	*245	000			
1360	263	343	173	012			
1361	293	123	102	162			
1362	000	387	070	211	262		
1365	102	059	211				
1366	103	403	342				
1367	267	099	067	175	206		
1368	*059	*342	139				
1369	267	099	065	403	087	342	
1370	072	051	130	149	342		
1372	267	099	*171	000			
1373	017	293	061	100	067	135	342
1374	065	348	342				
1376	102	059	342				
1379	065	067	051	000			
1380	065	070	211				
1381	017	403	000				
1382	165						
1383	017	000					
1385	086	098	347	342			
1386	267	099	000	342	001	242	
1387	286	123	059	211	242		
1388	197	249	343	067	211		
1389	233	336	375	252			
1389	000	187	*233				
1390	000	*130	149	342			
1391	199	099	*153	153	*347	342	000
1392	000	338	162				
1393	112	194	008	140	342		
1394	394	402	098				
1395	343	074	400	099	104	162	
1396	284	099	065	000			
1396	150	307	267				
1397	000	*341	336	180	163	404	
1398	053	070	000				
1399	*053	171	059	000			
1400	391	099	065	067	070	211	
1400	179	336	347	342				
1400	089	375	180	028	162	267	*051	
1401	391	097	389	067	178	389	008	342
1402	249	342	345	097	106	169		
1403	028	303	100	066	407	169	334	342
1404	249	342	345	065	067	121	135	342
1405	391	097	234	008	342			
1406	017	293	391	087	028	189	252	176
1407	391	099	*171	008	342			
1408	000	192	358	000				
1409	000	059	407	169				
1410	018	211	126	169				
1411	102	169						
1412	182	149						
1412	216	123	149	342				
1414	065	336	089	121	342			
1415	072	121	358	342							
1416	286	099	204	230	342						
1417	028	233	343	000							
1418	065	249	169	342	097	104	169				
1419	344	389	171	059	341	294	008	000			
1420	175	230	344	053	065	233	342				
1421	216	123	065	244	058	294	375	072	244	056	
1422	106	169									
1423	345	*249	169	342							
1424	267	099	098	025	245	245					
1425	066	336	089	124	169						
1426	341	309	267	099	048	008	342				
1427	041	104	*162								
1429	267	099	053	171	059	336	089	360	249	169	342
1430	391	099	389	249	169	342					
1431	080	089	344	067	072	403	162				
1432	000	099	098	087	284	342
1433	267	099	065	249	162	342
1434	297	345	053	000		
1435	053	112	197	342	139	
1435	197	342	139			
1436	391	099	098	178	389	015
1437	025	245	245			
1438	391	097	048	258	193	342
1439	296	342	098	109	169	
1441	106	169				
1442	293	123	343	112	*197	000
1443	000	*169	342			
1444	391	123	247	258	302	
1445	284	099	389	000		
1446	000	*327	342			
1447	053	067	070	222	254	
1448	000	197	342	124	169		
1449	040	097	104	169			
1450	171	059	017	261	086		
1451	267	099	155	169			
1452	239	293	338	097	*001	000	
1453	104	*169					
1454	000	070	389	102	287	000	
1455	391	097	070	072	000		
1456	267	099	072	336	089	216	254
1457	293	245	344	301	155	211	
1458	000	053	171	059	407	169	
1459	000	345	204	230	342		
1460	106	287	342				
1461	*202	240	345	294	000		
1462	293	123	344	387	000		
1463	336	391	252	000			
1464	336	341	327	015			
1465	267	099	174	342			
1466	267	099	204	110	342		
1467	389	072	407	169			
1468	391	099	087	059	072	008	342
1469	293	123	345	171	008	342	
1470	121	065	072	259	342		
1471	240	302	156				
1471	104	205	107				
1471	098	287					
1471	287	136	323	287			
1471	102						
1474	059	341	342				
1475	328	328	267	099			
1475	048	015					
1477	328	328	267	099			
1478	391	123	100	375	017	250	121	000
1479	000	216	211	176				
1480	000	060						
1482	007							
1483	001	001						
1484	000	059	000					
1486	267	000						
1487	048	342						
1488	000	347	342					
1489	000	089	*342					
1490	391	391	342					
1491	000	099	087	059	296	000		
1492	000	099	065	000				
1494	267	099	047	340	342	097	173	
1495	230	000						
1496	000	336	017					
1497	*059	182	293	216	000		
1498	391	099	*059	000			
1499	000	294	342				
1527	017	250	*176				
1527	102	*097	149	089	328		
1529	067	103	403	342	176		
1530	067	103	403	342	176		
1531	171	059	342	176			
1532	095	328	002	012			
1533	221	254					
1534	234	099	067	070	211	242	
1535	086	124	344	068			
1536	146	195	343	403	087	342	001
1537	267	099	322	342	204	162	
1538	284	124	342				
1539	249	162	402	089	089		
1540	341	206	099	387	065	171	059	087	294	342
1541	053	336	089	403	087	342				
1542	102	216	245	245						
1543	391	123	171	059	211					
1544	050	056	099	098	065	067	336	000		
1545	000	125	176	176						
1547	391									
1548	121	342	318							
1549	391	341	099	087	059	051	130	149	*342	
1550	067	244	342							
1550	242									
1551	267	099	087	059	211					
1552	087	403	180	099	098	379	245	245		
1553	397	001	267	099	067	342	112	194	342	
1554	267	099	059	211	242					
1555	017	162	343	065	175	230	053	342		
1556	059	160	343	249	162	342			
1557	000	099	053	067	336	089	112	194	342
1558	104	*169							
1559	397	099	216	254					
1560	336	089	087	373					
1561	204	230	342						
1563	267	099	048	012					
1602	134	086	099	065	192	347	*342		
1603	336	321							
1603	336	321							
1604	063								
1605	087	403	099	387	017	261			
1606	264	387	336	089	211				
1607	*018	342	048	342	001				
1608	087	403	099	387	017	261			
1609	000	336	089	249	162	342			
1610	063									
1610	063									
1611	063									
1611	063									
1613	063									
1613	063									
1615	389	065	249	169	342	176				
1616	009	048								
1616	067	171	008	342						
1619	051	130	149	342						
1620	387	342	176							
1621	267	099	053	171	059	089	089	*347	*342	
1622	387	192	347	342						
1623	386	053	048	342	012	328	328	328	162	
1623	137	155	343	010	081	403	087			
1623	343	294	328	391	087	112	294	171	008	342
1624	000	336	089	249	162	342		
1625	065	211						
1625	098	319	051	130				
1625	245	342	001					
1626	245	245	307	342	176	086	326	000
1628	059	403	087	342				
1628	059	053	216	254				
1629	267	099	067	403	087	342		
1630	293	123	343	171	008	342		
1701	389	072	048	342				
1702	*389	072	*326	342				
1703	112	194	327	342				
1704	102	190						
1704	336	089	296	342	098			
1705	065	336	089	407	169	183	169	
1706	065	336	089	407	169	183	169	
1707	204	245	342					
1708	204	245	358	342				
1709	053	067	407	124	169			
1710	345	341	018	252	097	025	245	245
1711	336	089	296	342				
1712	204	245	358	342				
1713	051	130	149	342	123	102	190	
1714	087	155	169					
1715	000	245	358	342				
1801	389	072	048	342				
1802	389	065	072	336	089	194	169	
1803	070	112	194	018	211	087	169	
1804	204	245	358	342				
1805	171	059	407	169				
1806	204	245	358	342				
1813	000	*387	067	216	000			
1902	336	089	087	373		
1903	101	319				
1904	106	342				
1905	017	293	000			
2002	403	302	099	087	057	342
2004	051	371	059			
2005	249	391				
2006	389	336	089	249	000	
2007	267	402	204	112	347	*342
2008	104	169				
2010	293	123	343	216	254	
2011	267	099	111	347	*342	
2012	287	112	194	342		
2013	267	099	112	*197	342	139
2014	242	342				
2015	336	089	211			
2016	293	176	176	150	123	051				
2018	214	287	087	244	028	162	099	136	193	012
2019	*417	*267	099	087	059	065	222	254		
2020	000	341	327	015						
2021	099	380	342							
2022	391	097	053	072	373	287	342			
2023	150	098	178	389	015					
2024	087	244	081	099	155	070				
2024	087	059	336	089	000					
2025	245	098	112	169						
2026	067	211								
2027	087	244	028	054	099	245	245	087	162	
2028	000	081	176							
2029	391	391	097	072	182	293	*342			
2031	267	099	*292	*342						
2032	*051	155	345	112	194	336	089	000		
2033	204	233	059	099	389	065	067	121	342
2034	000	123	087	059	065	155	211		
2035	328	328	176	176					
2038	391	099	212	176	086	161			
2039	178	389	015						
2040	*230	347	342						
2041	293	123	344	053	087	060			
2042	267	099	070	000					
2043	293	323	323	384	176	176			
2044	131	099	087	060	098	000			
2045	250	264	127	347	342				
2045	088								
2046	389	087	059	249	169	342			
2047	067	211							
2048	267	099	067	171	008	342			
2049	102	288	087	249	180	323	323	029	
2050	245	245	343	048	008	342		
2051	267	099	258	347	342			
2052	327	186	381	051	059	067	216	254
2053	000	343	086	171	060			
2054	267	099	087	059	065	253	230	342
2055	000	342	125	169				
2056	391	099	186	301	155	347	342	
2057	267	099	086	038	*342			
2058	038							
2060	267	099	222	254				
2061	345	019	176					
2063	204	112	347	342				
2064	150	123	017	293	342	001		
2065	391	123	348	342				
2066	245	287	099	086	204	230	342	
2067	267	099	070	388				
2068	146	267	099	070	062	342	001			
2069	391	017	391	381	391	098	171	059	342	139
2070	293	123	343	289	342					
2071	293	123	344	127	098	008	342			
2072	000	*025	245	245						
2073	025	245	245							
2074	150	123	228	342	001					
2075	186	333	099	059	211					
2076	002	012								
2077	000	345	041	076	102	190				
2079	267	099	067	205	245	342				
2080	267	099	102	162						
2081	267	099	387	067	072	211				
2082	215	102	015							
2083	267	099	072	067	008	342				
2083	144									
2084	102	287	329	343	387	065	224	
2085	267	099	102	017	336	051	342	
2086	261	213	343	389	053	342	242	
2087	072	087	284	342				
2088	102	036	245	245				
2089	000	099	048	342				
2090	106	162	051	130				
2091	051	130	149	342				
2092	244	184	252	099	109	000		
2093	377							
2094	124	247	387	259	342			
2095	000	051	186	081				
2097	204	245	102	287	342			
2098	143	286	059	099	072	341	342	
2099	147	195	343	325	109	059	347	342
2100	267	099	124	169				
2101	041	161	391								
2102	267	099	348	342							
2103	267	099	087	150	201	342	098	175			
2104	000	067	048	342							
2105	336	017	402								
2106	295	087	019								
2107	336	051	130	053	099	124	025	176	342		
2108	025	015									
2109	249	089	233	123	086	059	395	099	051	130	028
2110	072	*336	*089	211							
2111	089	003	099	336	244	017	134	086	415		
2112	175	180	000								
2113	106	015									
2114	403	087	319	249							
2115	293	123	343	403	087	342					
2116	067	*008	000								
2117	057	343	087	294	342				
2118	070	327	128	124	169				
2119	163	252	261	134	098	391	391		
2119	336	210	402						
2120	214	099	389	067	112	197	342	139	
2121	124	025	176	342					
2122	216	123	087	294	342				
2123	387	072	067	336	089	211			
2124	086	*012							
2125	293	056	252	097	358	342			
2126	337	097	000						
2127	114	162							
2128	017	293	054	180	099	109	059	342	001
2129	398	379	343	065	072	121	222	254	
2130	127	097	391	099	087	325	211		
2131	264	341	347	342	001				
2132	267	099	070	211				
2133	059							
2134	208	097	086	002	012			
2136	267	099	065	000				
2137	087	244	162	342	000			
2138	389	053	072	327	128	342	294	375
2139	406	162	176					
2140	330	176	099	124	342			
2141	202	403	099	078	347	342		
2142	065	222	254					
2143	171	059	182	293	211			
2144	182	293	342					
2145	048	342	017	406	162			
2146	391	123	065	067	233	342		
2147	391	099	406	162	242			
2148	041	304	176					
2151	000	220	000				
2152	124	084	402	342			
2153	069						
2154	173	342					
2155	124	409	096	342	001		
2157	305	123	086	136	193	342	
2158	173	342					
2159	175	230	053	015			
2160	391	391	343	249	162	342	
2161	067	211					
2162	391	099	053	087	059	121	342
2163	000	222	254	121	342		
2164	391	099	059	008	342		
2165	000	149	294	342			
2166	173	180	099	127	347	342	
2167	090	242					
2168	391	099	171	008	342			
2169	328	307	402	301	155	211	242	
2170	000	*244	098	178	389	015		
2171	087	322	099	087	059	071		
2173	379	245	245					
2174	087	230	180	099	070	053	342	
2175	190	059	176					
2176	249	162	391					
2177	267	099	048	342	001			
2178	267	099	173	403	347	342	400	307
2179	267	099	*409	096	342	*001		
2180	267	099	102	162				
2181	048	342						
2182	249	169	000					
2183	053	171	059	211				
2184	371	225	344	067	098	347	342	
2185	203	344	066	375	089					
2186	065	067	121	012						
2187	150	087	277							
2188	000	123	328	*012						
2189	067	244	000							
2190	302	123	398	160	307	176				
2191	181	319	097	102	190					
2192	000	017	406	162						
2193	202	343	065	067	072	211				
2195	000	192	347	342						
2196	072	388	176							
2197	087	322	099	065	072	336	089	390	327	*342
2198	216	123	109	162						
2199	286	099	068							
2200	153	153	342							
2201	186	347	342							
2202	244	230	099	124	*342		
2203	023	086	015				
2204	403	017	056	*249	000		
2205	389	053	171	059	373	287	342
2206	395	402	000				
2207	155	343	171	059	053	342	
2208	328	391	099	070	336	089	211
2209	*059	000					
2211	387	087	060				
2213	336	089	098	358	342		
2214	112	194	342				
2215	106	169					
2216	175	180	099	338	342		
2217	000	001	001				
2219	050	343	375	375	081	342	
2220	182	149					
2220	216	123	149	342			
2221	389	065	067	296	342		
2222	150	123	070	294	342		
2224	267	099	067	153	153	347	342
2225	212	087	341				
2226	073						
2227	389	087	059	067	121	342	
2228	244	083	099	067	000		
2228	087	244	028	*162	000		
2228	000						
2229	104	059	211				
2229	267	099	051	130	149	342	
2230	000	087	059	155	162		
2231	387	053	171	059	098	347	342
2232	386	065	059	327	342		
2233	215	298	086	109	059	342	001
2234	336	162	100	066				
2235	000	099	068					
2235	059	*267						
2236	*249	169	053	342				
2237	267	343	087	155	124	169	296	342
2238	034	099	065	301	347	342		
2239	075	012						
2240	102	025	245	245				
2241	048	028	169					
2242	255	011	015					
2243	150	123	070	127	*342			
2244	216	254						
2246	372	099	403	087	342			
2247	150	123	065	067	348	*342		
2249	102	025						
2250	086	327	099	102	190			
2251	267	099	336	089	211	
2252	000	067	403	087	342	
2253	344	347	342			
2254	106	287	342	001		
2255	267	099	375	375	342	001
2256	267	099	086	067	244	000
2257	139	099	015	244	342	
2258	048	342				
2260	087	059	067	089	381	342
2261	392					
2262	267	099	113	342		
2263	373	162	343	249	162	342
2264	197	032	123	287	319	342
2264	235					
2265	243	267	000			
2266	354	319	123	040	000	
2267	306	114	162						
2268	391	099	214	342					
2269	162	342							
2270	406	162							
2271	391	028	169	099	065	072	067	244	342
2272	387	067	348	342					
2273	216	123	171	059	336	089	216	254	
2274	002	176							
2275	000	065	067	336	089	211			
2276	267	099	028	001					
2277	000	*249	169	342					
2278	000	387	087	284	294	342			
2279	162	001	000						
2279	242								
2280	197	249	343	067	211				
2281	375	099	067	342	216	254			
2282	053	171	059	048	342			
2283	398	099	025	176	342			
2284	336	209	343	389	296	342		
2285	026	100	087	059	038	342		
2286	343	391	099	086	075	012		
2288	267	099	048	233	342			
2289	284	014	176					
2290	267	099	204	230	301	155	347	342
2291	059	048	342					
2292	017	345	025	245	245			
2293	124	012						
2294	204	245	342					
2295	292	343	180	140				
2296	182	293	162					
2297	086	210	099	389	067	211	097	102
2298	293	123	343	112	162			
2299	000	403					
2300	249	162	343	296	342		
2301	194	194	219	345	097	104	169
2302	391	099	387	102	287	342	
2303	072	249	*169	000			
2304	267	402	025	015			
2305	050	343	067	102	015		
2306	*284	099	009	067	342	224	
2307	391	099	053	336	089	067	066
2308	182	293	342				
2309	000	402	059	387	342		
2310	086	250					
2311	150	123	217	000			
2312	000	053	342	249	162	342	
2312	242						
2313	124	050	375				
2314	293	123	342	087							
2315	072	169	342								
2316	305	123	087	060							
2317	171	008	342	003	130	124	216	245	245	342	
2318	059	394	176								
2319	104	174	099	053	171	000					
2321	067	*284	342								
2322	162	162	162	162	015						
2323	271	125	059								
2324	389	065	211								
2325	244	336	326	327	099	387	065	059	249	169	342
2326	391	123	065	067	296	342					
2327	267	099	065	067	127	347	342				
2327	*267	*099	065	067	127	347	342				
2328	000	002	*012								
2331	336	251	341	000							
2332	267	099	*086	000						
2332	*374									
2333	004	099	070	072	249	169	342			
2334	219	178	067	244	342					
2335	391	099	386	053	171	059	072	249	162	342
2336	121	406	169	222	254					
2337	293	123	344	070	387	*347	*342			
2338	267	099	067	171	008	342	001			
2339	182	149								
2339	216	123	149	342						
2340	152	099	053	059	087	060				
2341	258	347	342							
2342	025	015								
2343	102	*015								
2344	307	343	065	067	012					
2345	067	025	245	245						
2346	102	216	245	245			
2347	319	402	099	176	176		
2348	249	102	287	099	067	348	342
2349	391	097	268	137			
2350	345	098	025	245	245		
2351	020	176					
2352	197	343	*252				
2352	*186	233	137				
2352	345	000					
2352	000						
2353	017	336	197	*252			
2354	267	099	102	162			
2355	198	302	343	113	342		
2356	216	267	402	000			
2357	267	099	104	169			
2358	292	342					
2359	264	017	171	008	342			
2360	135	342						
2361	054	019	081					
2362	398	217	342					
2363	267	099	217	403	347	342		
2364	334	342						
2365	080	160	343	072	211			
2366	409	096	019	099				
2366	059	194	342					
2367	391	098	087	059	072	336	089	000
2368	102	015						
2369	051	130	149	342	098	174		
2370	175	028	099	102	162			
2371	002	014						
2372	204	245	*015					
2373	307	402	099	171	059	211		
2373	242					
2374	102	059	342			
2375	070	342	012			
2377	216					
2377	169					
2378	387	072	048	342	319	017
2379	047	211				
2380	171	008	342			
2381	106	287	342			
2382	106	015				
2384	389	067	211			
2385	264	072	171	000		
2387	391	099	104	169		
2388	222	254	407	*169	000	
2389	002	012				
2390	215	017	310	249	307	
2391	194	099	336	089	211				
2392	000	*153	336	089	390	327	342		
2393	267	402	070	211	205	249	155	000	
2394	086	015							
2394	086	015							
2395	205	245	048	008	097	089	190		
2396	389	065	067	204	112	358	342		
2397	086	136	267	342					
2398	293	098	065	059	211	150	123	135	342
2398	402	055	279	404					
2399	000	*059	216	254					
2401	*086	006	012						
2402	293	123	343	067	175	206			
2403	267	099	124	025	342				
2404	124	409	096	342	001	176			
2405	293	123	343	065	294	342			
2405	391	102	137	253				
2405	409	094	409	000				
2405	319	032	162					
2405	403	231						
2405	408							
2405	000							
2406	403	256	216	123	065	087	284	342
2407	159	381	099	175	230	053	342	
2408	267	099	331	162	402			
2409	072	247	342					
2410	065	067	233	342				
2411	391	123	336	089	211			
2413	264	089	332	058	249	307		
2414	067	348	342					
2415	264	287	087	249	175	180		
2417	234	287	162	343	068			
2418	017	*293	162	343	386	342			
2419	267	402	123	072	342	001			
2420	003	216	229	344	059	342			
2420	001								
2421	173	012							
2422	083	125	286	391					
2423	075	010	097	121	245	245	010	176	
2424	267	099	051	130	149	342			
2425	307	000							
2426	387	065	067	336	089	048	342		
2427	307	086	099	086	121	391	391	*402	
2428	182	342	098	075	014				
2429	173	051	267	099	087	059	053	008	342
2430	229	219	000						
2430	070	*342	001						
2430	242								
2431	172	245	*334								
2431	393										
2432	350	099	341	387	060						
2433	234	254									
2434	059	099	102	036	384	384					
2435	285	325	211								
2436	017	293	293	211	186	267	099	059	059	155	211
2437	006	267	099								
2438	267	099	065	072	000						
2439	391	233	059	098	025	245	000				
2440	197	336	097	086	059	211					
2441	065	072	216	000							
2442	293	123	343	336	049	086					
2443	397	086	343	406	162						
2444	171	008	342	176							
2445	391	001	134	086	415						
2446	238	267	099	387	053	072	336	089	112	194	342
2447	*343	391	099	087	155	171	008	342			
2448	000	*086	123	007							
2449	028	162	343	048	342						
2450	267	099	098	347	342						
2451	162	216	057	099	062	342					
2452	087	059	071								
2453	000	325	171	008	342						
2455	191	303	402	099	087	059	244	058	342		
2456	258	342	087	060							
2456	087	272									
2457	067	204	112	342	176						
2458	379	307									
2459	175	000	347	342							
2460	059	127	267	176	176						
2461	178	389	015	087	326	025	245	245			
2463	343	391	099	387	342				
2464	086	387	402						
2465	195	123	087	357	175	180			
2466	087	244	307	175	180	176			
2466	374								
2467	000	008	342						
2468	267	180	391						
2469	065	342	224						
2470	182	293	342	097	102	040			
2471	295	336	053						
2471	242								
2472	326	342	014						
2473	214	150	267	099	249	162	375	076	267
2474	343	267	402	205	267				
2475	030	402	099	415	342				
2476	267	099	171	008	342				
2477	086	210	099	389	069	211	097	173
2478	267	099	112	194	342			
2480	391	099	070	087	059	387	342	
2481	267	099	103	403	048	008	342	
2482	017	048	342	176				
2483	000	130	149	342				
2484	000	*018	226	254				
2485	267	099	174	176	211			
2486	102	217	403	347	342			
2489	025	099	087	059	294	342		
2490	210	180	099	047	211			
2491	267	099	389	336	293	000		
2492	150	123	336	089	296	342		
2493	149	013						
2495	204	155	211	249	180	267		
2496	000	059	097	226	342			
2497	102	015				
2498	391	123	070	053	342	
2499	204	230	342			
2500	375	052				
2501	293	123	343	250		
2502	067	244	342			
2503	267	099	076	012		
2504	267	099	086	072	211	
2505	182	149				
2505	216	123	149	342		
2506	389	296	342			
2507	375	065	072	336	089	211
2508	182	149				
2508	216	123	149	342		
2509	001	001				
2511	150	097	253	230	347	*342
2512	267	099	375	000			
2513	*267	099	098	067	060		
2514	102	015					
2515	184	249	345	098			
2516	086						
2516	211						
2517	336	051	342				
2518	016	125	343	048	342	001	
2518	391						
2518	*197						
2519	087	261	249	307			
2519	059	347	342	012			
2520	065	113	342				
2521	391	123	098	249	162	342	
2522	284	099	124	342	402	059	086
2523	267	099	065	059	211		
2524	104	059	123	336	089	211					
2525	106	169									
2526	086	067	008	342							
2527	084	050	176								
2528	391	099	389	182	293	169					
2529	000	097	327	017	261	086					
2530	200	391									
2531	391	099	294	342							
2532	109	129	123	065	059	*211					
2533	267	099	171	008	342						
2534	072	387	342								
2535	151	097	124	*342							
2536	216	123	065	211	373	127	373				
2537	293	123	344	389	171	059	067	051	130	149	342
2538	162	001	162	048	342						
2539	375	267	099	053	342	072	155	211			
2540	102	015	176					
2541	053	171	059	336	089	216	254	
2542	000	123	102	169				
2542	000	336	089	296	342			
2543	*307	086	099	067	072	000		
2543	244	051	267					
2545	267	099	065	222	254			
2546	038	375						
2547	102	216	*245	000				
2548	303	252	099	205	230	211		
2549	051	130	015					
2551	*267	099	086	226	254			
2552	267	099	087	059	342	224	097	173
2554	284	099						
2555	267	099	053	072	155	211		
2556	076	402	099	233	342			
2557	124	025	342					
2558	293	123	343	065	070	000		
2558	000	343	000					
2559	000	303	391	099				
2560	330	245	*342					
2561	*002	000						
2562	000	048	193	342				
2563	233	127	125	059	099	193	342	
2564	249	102	287	099				
2564	067	348	342					
2565	109							
2565	162							
2566	000	336	059	127	097	175	001	175
2567	391	099	105	059	342	001		
2568	386	336	089	333	000			
2569	267	099	287	249	162	012		
2570	067	*348	000						
2571	391	081	176						
2572	391	099	102	162					
2573	336	089	099	192	347	342			
2574	264	065	059	342	001				
2575	336	089	211						
2576	391	123	072	253	081	342			
2577	327	342							
2577	089	177							
2578	391	099	067	059	341	*342			
2579	284	391	087						
2580	267	099	048	342					
2581	*153	155	099	086	124	409	096	342	001
2582	375	375	342						
2583	267	099	065	336	089	222	254		
2584	399	121	099	070	053	342			
2585	060	242					
2587	086	102	015				
2587	261	086					
2587	267	099	067	070	000		
2588	098	072	017	173	086	224	
2589	389	336	089	211			
2590	267	099	059	211			
2591	267	099	348	342			
2592	059	059	012				
2593	076	064	099	072	224	342	
2594	102	059	249	162	342		
2595	196	123	087	030			
2596	*160	344	047	173	403	347	342
2597	397	267	343	197	000		
2597	400	000					
2598	293	123	048	062	342		
2598	177	197	373	373				
2599	182	293	344	387	171	059	397	169
2600	249	169	342					
2601	415	277	099	102	190			
2601	153	127						
2602	002	012						
2603	017	293	136	193	204	234	176	
2604	017	250	176					
2604	102	*097	149	089	328			
2605	171	059	341	342				
2606	294	342						
2607	153	153	342					
2608	065	327	342					
2609	293	123	343	249	162	012		
2610	171	008	000					
2611	150	302	099	015				
2611	124	012								
2612	267	342	086	075	245	245				
2613	293	123	343	250						
2614	084	059	160	343	387	067	087	059	155	211
2615	307	180	087	261	087					
2616	345	180	086							
2617	400	293	097	072	336	089	086	091		
2618	267	099	067	244	342					
2620	345	409	094							
2621	291	343	336	051	342					
2622	301	155	211							
2623	267	099	124	342						
2625	391	123	086	068	176					
2626	197	086								
2626	197	086	099	102	162					
2627	000	171	008	*342						
2628	336	209	391	124	012		
2629	086	260	342				
2630	267	099	017	038			
2631	267	099	153	153	342		
2632	293	015	099	102	017	008	342
2633	284	102	015				
2634	264	009	342	001			
2635	267	402	123	102	015		
2636	267	099	106	162			
2636	267	099	*106	000			
2637	070	012					
2638	249	307					
2639	086	015					
2640	000	347	342				
2641	330	123					
2641	197	067	342	001			
2643	323	344	065	296	342									
2644	000	341	342											
2645	100	017	060											
2646	000	099	059	135	342									
2647	267	099	067	171	008	342	001							
2648	267	099	104	162	242									
2650	293	123	343	294	342									
2651	219	381	252	391										
2652	216	254												
2653	267	099	048	127	347	342								
2654	017	293	293	211	202	267	099	065	070	336	089	087	284	342
2655	387	072	336	089	347	342								
2656	290	267	402											
2657	319	032	099	102	162									
2658	109	162												
2659	*102	287	342											
2660	267	099	249	162	342	242	
2661	201	277					
2662	003	352	176				
2663	204	245	342				
2664	*237	330	097	124	342		
2665	*391	097	261	186	343		
2666	017	162	099	124	342		
2667	086	059	*127	267	000		
2667	087	059	000				
2669	000	*059	121	342			
2671	000	053	342				
2672	000	347	342				
2673	326						
2674	267	099	175	176	211		
2675	087	019	054	099	065	059	211
2676	000	072	149	342			
2677	267	099	022	297						
2678	124	012								
2679	238	267	099	121	342					
2680	267	099	204	230	342					
2681	000	*219	343	109	059	211				
2682	389	015								
2683	000	072	059	342	000					
2684	391	099	228	162	242					
2685	303	343	067	051	130	149	342			
2686	000	402	043	000						
2687	087	162	343	098	347	342				
2687	055	342	267							
2688	000	062	342							
2689	391	099	175	214	342					
2689	216	097	402							
2690	150	123	051	130	149	342	150	123	387	342
2690	000						
2691	391	099	112	197	342		
2692	391	391	342				
2693	150	123	*301	000			
2694	017	303	099	065	067	342	001
2695	205	112	342				
2696	150	123					
2696	100	017	081	342			
2697	104	169	098	121	087	342	
2698	104	015					
2699	389	342	091				
2700	087	059	*072	334	*342		
2701	398	402	099	387	216	*254	
2702	155	402	003	176			
2704	224						
2705	109	162					
2706	267	402	087	294	342			
2802	017	038	176	051	130	*109	245	*245
2804	397	162						
2804	397	162						
2805	*086	325	*347	342				
2806	244	342						
2807	336	321						
2807	202	294	336	321				
2808	409	096						
2808	000							
2808	000							
2808	000							
2809	245	336	252					
2809	245	336	252					
2809	000							
2810	214							
2810	178	389	015	176				
2812	214							
2812	178	389	015	176				
2813	244	342						
2814	244	342						
2815	045	095	328	002	176			
2818	041	137	249	065	067	342	001	
2819	326	*342						
2819	326	342						
2819	326	342						
2820	041	137	249	065	067	342	001	
2821	065	048	342					
2822	000	342	176					
2824	000	342						
2825	041	137	249	065	067	342	001	
2826	182	186	267	099	053	059	155	211
2827	417						
2827	342						
2830	053	171	059	342	176		
2831	000	149	342				
2835	201	277					
2835	067	387	194	342	176		
2836	336	321					
2836	336	321					
2837	267	099	098	102	000		
2839	041	137	249	065	067	342	001
2841	015						
2842	201	277	*204	*086	000		
2843	201	277	*204	*086	342	106	
2844	336	321	176				
2844	067	087	059	403	000		
2845	267	099	067	000			
2846	225	123	387	342	009	045				
2846	383	341								
2847	386	053	048	342	012	328	328	328	162	
2847	137	155	343	010	081	403	087			
2847	343	294	328	391	087	112	294	171	008	342
2848	067	008	342	176						
2849	336	321								
2849	336	321								
2851	100	402	342	287	000	287	283			
2851	325	347	342							
2852	065	211								
2852	098	319	051	130						
2852	245	342	001							
2854	063									
2855	100	402	342	287	000	287	283			
2855	325	347	000							
2855	000									
2856	102	015								
2857	409	096								
2857	000									
2857	000									
2857	000									
2858	104	162								
2860	327	303	245	245	125	059	099	017	134	086
2861	035	063	129	233	277					
2861	067	389	194	342	*176					
2862	102	015								
2863	267	099	067	403	087	342				
2864	171	008	342	176						
2864	171	008	342	000						
2865	267	099	386	000						
2866	035	063	129	233	277					
2866	067	389	194	342	*176		
2867	391	099	249	162	342		
2868	216	254	176				
2901	363						
2901	059	112	194	018	211	087	169
2902	405						
2902	102	059	249	169	342		
2903	*362						
2903	389	407	124	169	373	287	342
2904	000	*171	008	342			
2904	171	059	407	169			
2905	089	328	287	319			
2905	087	059	048	342			
2906	089	328	287	319			
2906	087	059	048	342			
2907	065	*072	062	342			
2908	112	194	327	342				
2909	204	245	358	342				
2910	053	067	407	124	169			
2911	070	112	194	018	211	087	169	
2912	389	072	048	342				
2912	249	169	342					
2913	087	059	348	342				
2914	389	407	124	169	373	287	342	
2915	204	245	358	342				
2916	345	341	018	252	097	025	245	245
2917	102	190	048	008	342	373		
2918	*051							
2918	053	070	336	089	294	008	342	
2919	*267							
2919	*348							
2920	*295	087	097	252	097	025	245	245
2921	096						
2921	348	342					
2923	000	252	261	134	*098	391	*391
2923	387	012	104	106	312		
2924	108	342	001	375			
2925	163	252	261	134	*098	391	391
2925	108	315					
2926	104	110					
2928	104	104					
2929	069						
2929	104	162					
2929	087	343	097	169			
2930	293	123	345	098	174		
2930	267	099	048	342			
2931	087	343					
2931	090	086					
2934	162				
2935	*124	025	342		
2936	000				
2936	169	345			
2936	134	086	065	*135	*342
2937	375	375	342		
2938	409	096			
2939	403	087			
2940	384	384	307	342	176
2941	086	347	342	176	
2942	006	267	099		
2943	000	347	342	176	
2944	178	389	*015		
2945	104	169			
2946	067	386	194	342	176
2947	067	386	194	342	176
2948	000	250	015	176				
2949	162	162	162					
2950	162	162	162	162				
2951	*171	008	342					
2952	287	319						
2952	267	099	109	124	000			
3001	336	162	100	086	015			
3002	391	099	*080	342				
3010	102	287	375	000				
3015	040							
3016	290	290	343	067	065	336	089	211
3019	178	389	015					
3020	*040							
3021	087	162	097	104	287	015		
3022	161	202	409	336	342			
3023	292	342						
3024	000	342							
3028	000	197	343	104	162				
3031	397	307	268	402	099	072	249	162	342
3032	000	332							
3035	000	*409	096						
3036	341	012							
3037	000	008	342						
3038	*015								
3039	267	099	086	103	403	342			
3041	*080	000							
3042	267	099	087	059	194	000			
3044	391	099	098	296	342				
3051	000	342							
3052	017	261	086	000					
3056	000	342							
3058	000	345	319						
3060	*343	329	099	171	059	211	
3063	171	059	000				
3064	124	342					
3066	000	*001	*209	342			
3067	186	125	059	391	097	059	211
3068	216	123	222	254			
3069	150	123	342				
3070	065	068					
3072	*059	000					
3074	065	067	059	211			
3075	086	015					
3078	048	336	051	342			
3078	112	162					
3079	205	102	190				
3080	000						
3080	393						
3081	089	012						
3083	018	162	099	025	084	012		
3085	197	028	343	086	124	025	342	
3086	000	009	342	001				
3087	054	180	099	387	048	017	406	162
3088	391	099	098	025	245	245		
3089	415	125	059	099	065	067	053	342
3090	267	099	072	097	347	342		
3091	391	123	387	072	211			
3092	284	014	176					
3093	215	343	319	249	*342			
3094	323	245	344	051	130	149	342	
3095	326	015						
3096	267	099	053	072	112	197	342	
3097	153	233	059	099	387	071		
3098	293	123	209	381				
3099	391	099	102	162										
3100	018	240	197	252	097	389	087	059	342	139				
3102	065	359	341	342	001									
3103	171	059	211											
3104	203	343	087	059	008	342	001							
3105	017	293	197	336	249									
3106	205	261	099	387	068									
3106	205	261	099	387	068									
3107	341	309	267	099	389	072	102	287	373	287	342	145	407	169
3108	293	123	344	048	342	001								
3108	398	149												
3109	089	245	245	223	099	070	336	089	178	180				
3110	186	293	099	387	336	089	347	342						
3111	267	099	387	162	375									
3112	218	343	087	060										
3113	180	123	072	211										
3114	000	109	059	247	342	224	
3115	264	302	253	230	342		
3116	065	087	332	058	342		
3118	215	087	050	342			
3119	143	245	233	059	070	000	342
3120	065	067	051	130	149	342	
3121	267	099	067	048	342		
3122	048	336	089	211			
3123	000	244	000				
3132	102	059	342				
3143	000	194	342				
3144	000	*017	169				
3145	386	171	059	211			
3147	040						
3151	087	186	177	099	072	127	342
3152	387	342					
3153	387	267	099	336	089	135	342
3154	253	230	358	342			
3155	121	342	391	099			
3155	397						
3156	065	336	089	373	287	342	
3157	060						
3158	109	245	245				
3159	104	162	176				
3160	267	099	070	072	336	089	211
3161	053	087	059	127	358	342	
3162	000	*065	072	222	254		
3163	327	293					
3164	267	099	087	059	192	347	342
3165	067	204	155	211			
3202	150	123	*081	000			
3203	109	000					
3206	041	137	249	065	067	342	001
3207	000	342					
3209	*041	137	249	065	067	342	*001
3213	087	059	342				
3215	000	342					
3216	041	137	249	065	067	342	001
3217	199	099	106	287	342		
3218	102	059	342				
3219	000	347	342				
3220	041	137	249	065	067	342	001
3221	336	150	*123	000			
3222	041	137	249	065	067	342	001
3223	373	008	342				
3224	045	095	328	002	176		
3225	244	342					
3226	244	342					
3227	000	342						
3228	244	342						
3230	045	095	328	002	176			
3232	267	099	054	054	171	008	342	
3232	175	230	053	294	342	176		
3233	000	336	089	249	000			
3234	028	326	328	283				
3234	197	132	345	387	135	342		
3235	327	303	245	245	125	059	099	000
3236	345	104	169					
3237	336	249	000					
3238	048	342						
3239	*059	336	089	249	169	342		
3242	087	*162	000					
3243	000	002	012					
3244	375	375	342					
3245	102	015						
3246	387	102	059	342	375	375	342	001
3247	373	048	000					
3248	391	341						
3248	059	035	176					
3249	053	171	059	342	176			
3251	041	245	342					
3252	182	293	342					
3253	*059	*155	*135					
3301	102	190	048	008	342	373		
3302	336	089	087					
3302	072	194	169					
3303	070	112	194	018	211	087	169	
3304	065	336	089	407	169	183	169	
3305	*059	112	194	018	211	087	169	
3306	204	245	358	342				
3307	*070	*051	130	149	342			
3309	000	174						
3310	389	*407	000					
3312	065	336	089	407	169	183	169	
3313	346							
3313	389	072	326	342				
3314	204	245	358	342				
3315	362							
3315	389	407	124	169	373	287	342	
3316	295	087	097	252	097	025	245	245
3317	065	072	062	342				
3318	267	402	097	025	245	245		
3318	065	072	062	342				
3319	287	319						
3319	000	342	067	138				
3320	287	319						
3320	201	099	048	342	067	138	
3321	112	194	327	342			
3322	053	067	407	124	169		
3323	389	072	326	342			
3325	000	051	000	342			
3326	000	336	089	407	169	000	
3328	336	089	296	342	098		
3329	000	149	342	000			
3331	065	336	089	407	169	183	169
3332	053	067	407	124	169		
3333	*295	087	000				
3334	184						
3334	204	245	342				
3335	336	089	*087				
3335	072	194	169				
3336	336	089	296	342	098		
3337	065	336	089	407	169	183	169	
3339	204	245	358	342				
3340	000	194	000	342				
3341	204	245	358	342				
3342	204	245	358	342				
3343	346							
3343	389	072	326	342				
3344	295	087	097	252	097	025	245	245
3345	389	072	048	342				
3346	389	072	048	342				
3347	*298	099	104	169				
3347	295	087	097	252	097	025	245	245
3349	336	089	000	342				
3350	171	059	407	169				
3351	102	059	008	342				
3352	171	059	407	169				
3353	204	245	358	342				
3354	065	*336	*089	407	169	183	169	
3355	065	336	089	407	169	183	169	
3356	336	089	296	342				
3357	102	190	048	008	342	373		
3358	389	407	124	169	373	287	342	
3359	204	245	358	342				
3360	363							
3360	059	112	194	018	211	087	169	
3361	204	245	358	342				
3362	345	341	018	252	097	025	245	245
3363	102	190	048	008	342	373		
3364	336	089	087					
3364	072	194	169					
3365	389	407	124	169	373	287	342	
3367	000	059	*407	000				
3368	336	089	296	342	098		
3369	389	407	124	169	373	287	342
3371	204	245	358	342			
3372	053	067	407	124	169		
3373	059	112	194	018	211	087	169
3374	053	067	407	124	169		
3375	*364						
3375	000	018	211	087	169		
3376	389	407	124	169	373	287	342
3378	245	184	252				
3379	204	245	358	342			
3381	065	336	089	407	169	183	169
3383	102	190	048	000			
3384	065	336	089	407	169	183	169
3385	389	407	124	169	373	287	342
3386	204	245	358	342			
3387	389	407	124	169	373	287	342	
3388	336	089	296	342				
3390	336	089	296	342	098			
3391	087	155	169					
3392	336	089	296	342				
3393	345	341	018	252	097	025	245	245
3395	*389	072	326	342				
3396	389	*065	072	336	089	194	169	
3398	184							
3398	204	245	342					
3401	*345	*341	*018	252	097	025	245	245
3403	*204	245	358	342				
3404	204	245	358	342				
3405	389	072	326	342				
3406	000	407	124	169	000	287	342	
3407	345	341	018	000				
3410	389	000						
3413	000	341	018	252	097	025	245	245
3414	363							
3414	389	407	124	169	373	287	342	
3415	267	402	097	025	245	245		
3415	065	072	062	342				
3501	387	135	342					
3502	048	342	176					
3503	000	178	389	000				
3504	386	216	342					
3505	216	*267	121	087	347	342	176	
3506	000	216	403	000	347	000		
3507	000	403	344	098				
3508	065	387	000					
3509	000	121	347	000				
3510	244	407						
3511	366	406								
3512	188	302	078	202						
3513	403									
4001	301	149	100	336	089	249	169	342	098	174
4002	330	245	256	099	112	194	342			
4003	323	323	028	114	*252	252	180	391		
4004	300	017	293	087	326	054	336	293		
4005	267	099	065	067	059	387	051	130	149	342
4006	261	367	087	098	304	186				
4007	150	000								
4008	302	214	097	150	127	293				
4009	112	059								
4010	150	197	252	391						
4011	267	*099	000							
4012	245	245	127	345	048	342	071			
4013	072	336	089	048	247	342				
4014	245	245	344	387	053	171	059	*121	135	342
4015	387	171	059	336	089	211				
4016	391	097	053	067	070	327	342			
4017	087	284	342	098	178	389	015			
4018	296	342								
4019	216	123	389	087	059	051	130	149	048	342
4020	293	233	059	099	387	336	089	112	194	342
4021	*267	*099	336	089	112	194	342			
4022	267	099	389	065	072	222	254	124	169	
4023	183	169	099	389	072	182	293	342		
4024	075	180	391	252						
4025	412	123	053	171	059	121	342	222	254	
4026	216	123	067	342	139					
4027	000	389	171	059	294	375				
4028	307	086	099	387	053	065	336	089	211	
4029	387	015								
4030	135	358	342				
4031	228	342					
4032	317	000					
4033	102	017	008	342			
4034	417	267	099	053	194	342	
4035	267	099	009	342	001		
4036	379	343	087	059	072	014	
4037	*294	132	099	326	342	001	
4038	056	028	000				
4039	000	169					
4040	244	336	*189	*252			
4042	244	017	252				
4043	391	099	009	342	001		
4044	087	059	072	341	342		
4045	261	174	244	252	099	059	*390
4046	059	209	211	100	273	087	
4047	116	169	048	008	342		
4049	000	065	336	089	347	342	
4050	197	267	402				
4051	000	099	336	051	342		
4052	412	123	067	072	211		
4053	267	099	*059	000			
4054	086	124	000				
4055	087	322	099	336	089	211	
4056	150	123	053	067	072	211	
4057	267	099	065	135	342		
4059	000	075	012				
4060	000	267	099	070	072	053	000
4061	204	112	342	*067	000		
4067	*175	180	099	153	153	342	
4069	345	341	189	252			
4071	391	099	087	059	*211		
4072	319	379	402	097	065	053	342	
4073	267	099	102	059	347	012		
4074	136	193	342					
4075	267	099	087	155	249	162	342	
4075	267	099	087	155	249	162	342	
4076	065	182	293	342				
4077	087	141	169					
4078	391	097	067	127	342			
4079	204	329	099	067	048	342		
4080	267	099	*375	403	402			
4081	121	065	336	089	389	102	287	342
4082	335	162	343	067	249	162	342	
4083	375	267	099	336	089	211		
4084	102	287	329	343	067	008	342	
4085	267	402	102	162				
4086	122	014						
4087	336	064	099	102	287	342
4088	267	099	065	359	342	
4089	085					
4090	267	099	067	244	342	
4091	102	190				
4092	267	099	070	222	254	
4093	173	342				
4094	119	087	342			
4095	087	059	087	284	000	
4096	215	194	267			
4097	391	099	391	252	175	180
4098	000	001	343	067	000	
4099	373	249	169	342		
4100	087	249	053	099	048	000
4101	267	099	059	070	296	342
4102	000	099	341	008	342	
4103	094	400	402	099	067	171	008	342	
4104	293	123	345	065	067	070	249	162	342
4105	065	070	358	342	178	389	015		
4106	121	121	171	123	067	348	342		
4107	028	277	099	104	169				
4108	000	099	087	294	342				
4109	000	*186	343	028	249	169	342		
4110	150	123	048	342					
4111	000	343	070	072	249	162	342		
4112	267	099	387	072	211				
4113	027	345	072	053	342				
4114	295	345	104	169					
4115	086	250							
4116	391	099	109	059	012				
4117	267	099	065	388					
4118	412	123	098	051	130	149	342		
4119	267	099	053	182	293	112	197	342	176
4120	025	245	245						
4121	086	059	127	*249					
4122	205	102	162						
4123	384	099	205	245	342				
4123	245	307	307	249	307	342			
4124	077	342							
4125	067	301	155	211					
4126	267	099	102	162					
4127	378	000							
4128	102	017	008	342					
4129	047	211							
4130	170	075	245	245					
4131	028	169	343	249	169	342			
4132	328	343	249	162	342				
4133	102	216	245	245					
4134	391	099	106	287	342		
4135	087	028	257	099			
4136	000	206	012				
4137	124	025	176	342			
4138	103	403	347	342			
4139	305	123	249	162	342		
4140	067	072	204				
4141	155	162	099	102	059	342	001
4142	341	008	342				
4143	087	059	342	001			
4144	000	*002	012				
4145	*086	124	025	176	342		
4146	124	342					
4147	328	343	089	294	342		
4148	086	175	176	211			
4149	000	059	211				
4150	000	127	127	342			
4152	391	099	100	287	194	342	
4153	253	230	099	065	067	000	
4154	267	099	072	000			
4155	124	342					
4156	*076	402	099				
4158	*355	000					
4159	391	099	087	000			
4160	104	169					
4161	249	162	342	176			
4162	087	249	343	175	230	053	342
4163	254	098	380	032			
4164	102	059	342	001	176		
4165	283	162					
4166	086	015					
4167	*087	000	342				
4168	000	059	342	001	
4169	000	294	375		
4170	000	*149	342		
4171	109	059			
4172	000	*336	089	211	000
4176	391	099	067	000	
4177	000	*002	012		
4178	149	051	000		
4180	173	099	000		
4181	416	342			
4183	267	000			
4185	000	137	244	000	
4186	000	099	301	000	
4188	287	136	135	287	*342
4189	000	072	204	112	342
4197	000	*015			
4198	000	053	342		
4204	087	244	245	245	000
4204	242				
4206	000	102	000		
4207	345	000			
4208	301	000			
4211	086	336	089	211	
4212	267	000			
4217	001	*001	000		
4220	252	382	391		
4222	197	169	345		
4222	197	169			
4223	224	176			
4224	086	134	007	342	
4224	097	216			
4225	072	*017			
4227	127	055	084	402	212		
4228	343	*237	081	176			
4229	089	099	173	059	398	048	015
4230	150	123	302	155	211		
4231	328	307					
4232	267	099	059	059	211		
4233	086	230	211				
4235	040	176					
4236	150	000					
4237	087	284	342				
4238	343	229	059	099	112	162	
4239	089	106	287	342			
4240	330	245	342				
4241	022	047	343	065	067	008	342
4243	000	*123	104	369	342		
4244	086	197	099	389	000		
4245	261	186	343	171	008	391	252			
4246	031									
4249	281	342	402							
4250	000	059	099	067	065	347	342			
4251	295	336	053							
4251	237	237	237	125						
4253	391	403	087	342						
4254	389	171	059	341	342	336	089	211	002	014
4256	109	059	211							
4256	293	267								
4258	000	099	*171	059	211					
4259	000	072	000							
4260	249	028	099	216	254					
4261	150	123	053	171	059	226	342			
4262	072	186	301	155	347	342				
4263	343	087	059	067	403	087	342			
4264	267	099	102	059	249	169	342							
4265	000	*216	343	244	252									
4266	089	381	028	174	180	097								
4267	204	267	402											
4268	267	099	087	326	342									
4269	319	083	267	099	087	059	065	342	124	169				
4270	267	099	389	070	348	342								
4271	000	*054	058	197	252	099	121	336	089	067	072	403	087	342
4272	150	123	375	385	081	342								
4273	*336	341	327	015										
4274	065	072	099	155	102	287	087	169						
4275	391	099	065	244	058	336	089	124	169					
4276	178	389	015	176										
4276	112	402												
4277	000	059	000											
4279	389	121	342											
4280	054	307	413					
4281	391	099	389	*067	072	336	089	211
4282	267	099	098	178	389	015		
4283	293	293	293	342	126			
4284	204	245	015					
4285	065	067	211					
4286	000	415	342					
4287	000	065	070	124	169			
4288	000	065	336	089	194	169		
4289	087	059	342					
4290	000	057	*015					
4291	017	336	244	000				
4292	000	048	008	342				
4293	267	099	*287	000				
4294	253	319	175	180	000			
4295	267	099	000					
4296	241	287	319	176	051	176	
4297	249	169	342	098	178	389	015
4298	389	224					
4299	234	000					
4300	*186	000					
4301	391	000					
4302	*112	*169					
4303	391	391	342				
4304	402	188	343	249	162	012	
4304	402	188	343	249	162	012	
4305	344						
4305	344						
4305	344						
4306	403	087	342				
4306	403	087	342				
4307	048	008	342				
4309	155	342	249				
4309	336	321					
4309	087	141	328	328			
4311	384						
4312	070	053	048	342			
4314	267	099	067	294	342		
4314	087	328					
4315	210	169	099	067	211		
4316	267	099	086	336	012	089	328
4317	150	000	267	000	162	342	176
4318	341	342	176				
4319	293	123	343	106	402	336	321
4320	047	048	008	342	176		
4321	067	135	347	342			
4321	345	328					
4322	337	294	015	176			
4323	178	389	015								
4324	059	059	155	211							
4324	087	328									
4325	171	008	342	001	176						
4326	267	099	104	169							
4327	293	059	307	268	176						
4328	287	319	134	086							
4329	403	294	015								
4330	000	307	268	176							
4331	175	230	053	342							
4332	175	230	053	342							
4333	053	000									
4334	*389	171	059	182	293	051	130	149	249	169	342
4335	389	171	059	182	293	051	130	149	249	169	342
4336	*389	171	059	182	293	051	130	149	249	169	342
4337	127	342	176	403	340						
4338	204	112	342	176		
4339	204	112	342	000		
4340	391	099	040	089	328	
4341	178	389	015	176		
4342	065	008	342	176		
4342	087	328				
4343	267	099	067	135	342	
4343	065	059	048	342		
4344	263	343	113	342		
4344	177	197	192	341	089	328
4345	242	336	056	067	244	342
4345	089	328				
4346	150	123	067	244	342	
4346	095	328				
4347	325	342	176			
4347	087	328	000			
4348	121	051	130	149	342	176		
4348	087	328						
4349	205	293	099	048	342	*192	342	*186
4349	177	197	192	342	087	328		
4350	340	094	343	389	342			
4350	089	328						
4351	343	216	162	099	387	053	342	
4351	177	197	192	341	089	328		
4352	053	171	059	342	176			
4352	089	328						
4353	173	403	012					
4353	089	328						
4354	053	067	072	182	000			
4354	*086	328						
4355	009	048	008	342				
4355	*087	328						
4356	109	059	211	176			
4356	*336	267	341	089	328		
4357	042	015	176				
4357	087	328					
4358	387	065	072	336	089	342	176
4358	087	328					
4359	272	402					
4359	087	328					
4360	072	216	254				
4360	087	328					
4361	124	025	176	342			
4361	095	328					
4362	233	342	176				
4362	067	072	211				
4363	*103	403	342				
4363	328	059					
4364	007						
4364	087	328					
4366	337	294	000				
4368	153	153	048	342	176		
4368	087	328					
4369	114	193	342	176			
4369	087	328					
4370	391	099	226	254			
4370	087	328					
4371	053	067	072	182	293	342	176
4371	089	328					
4372	048	136	193	342	176	176	
4372	087	046					
4373	067	072	342	388	176		
4373	089	328					
4374	072	211					
4374	089	328			
4375	267	099	*051	*245	342
4375	089	328			
4376	*114	193	342	098	
4376	089	328			
4377	109	059	*211		
4378	007	176			
4378	087	328			
4379	373	342	176		
4380	102	190			
4380	374				
4381	048	*047	000		
4381	087	328			
4382	102	162			
4384	000	*342	001	176	
4384	087	000			
4386	001	001	209	343	
4386	102	162			
4386	089	328			
4387	048	342	176		
4387	089	328			
4401	089				
4401	328				
4402	325	347	342		
4402	087	328			
4403	048	342	176		
4403	089	328			
4404	293	123	343	048	015
4404	087	328			
4405	048	342	176		
4405	089	328			
4406	100	326	342		
4406	095	328		
4407	138	176		
4407	087	328		
4408	171	059	211	
4409	086	326	015	176
4410	072	223	254	
4410	089	328		
4411	059			
4411	258	347	342	176
4412	171	059	211	
4412	044			
4413	224			
4414	007	176		
4415	104	149		
4415	065	341	342	176
4416	391	123		
4416	289	342			
4417	104	162			
4418	171	059	211		
4419	048	193	342	176	
4419	087	328			
4420	103	403	087	244	000
4420	087	328			
4421	379	307	176		
4422	379	307	176		
4423	379	307	176		
4424	104	162			
4425	104	162			
4426	104	162			
4427	267	402	149		
4427	142	403	087	342	
4428	072	211			
4428	095	328			
4429	040	176			
4430	258	347	342	176	
4431	258	347	342	176	
4432	000	*059	342	176	
4433	258	347	342	176	
4434	258	347	342	176	
4435	258	347	342	176	
4436	*258	347	342	176	
4437	059				
4437	087	253	194		
4438	059				
4438	175	176	211	000	
4439	326				
4439	104	368	342		
4440	065	087	294	342	176
4441	267	099				
4442	249					
4442	065	067	342	001		
4443	267	099				
4444	119	087	342	176		
4444	089	328				
4445	067	244	149	342		
4445	089	328				
4446	263	343	113	342		
4446	177	197	192	341	087	328
4447	249	336	275			
4447	051	130	015	176		
4448	173	059	347	342	176	
4448	095	328	059			
4449	177	307	284			
4449	409	094	067	244	342	
4450	177	307	284			
4450	409	094	067	244	342	176
4451	048	193	342	176		
4451	095	328				
4452	173	059	347	342	176	
4452	095	059	328			
4453	171	059	211			
4453	044					
4454	267	402	149			
4454	205	367	342	176		
4455	205	267	342	176		
4455	089	328				
4456	119	087	342	176		
4456	089	328				
4457	000	112	197	342	176	
4457	089	328				
4458	171	059	211	
4458	095	328		
4459	000			
4459	087	328		
4460	267	402		
4460	205	367		
4461	250	015	176	
4461	087	328		
4462	100	017	015	176
4462	089	328		
4463	331	*233	059	099
4463	089	328		
4464	102	137	087	249
4464	171	059	211	
4465	177	307	284	
4465	296	342		
4466	073	176		
4467	067	065	342	001
4468	201	280		
4468	089	328		
4469	223	342		
4469	095	328		
4470	173	267	099	
4470	095	328		
4471	249	336	275	
4471	067	070	211	176
4472	142	149		
4472	119	087	342	176
4473	416	344		
4473	089	328		
4474	267	089		
4474	086	211		
4475	250	015	176		
4475	*087	328			
4476	048	342	176		
4476	*095	328			
4477	103	403	087	342	
4477	267	402	149	089	328
4478	249	336	275		
4478	051	130	015	176	
4479	067	012			
4479	087	328			
4480	249	336	275		
4480	051	130	015	176	
4481	142	149			
4481	*119	087	342	176	
4482	173	249	089		
4482	051	089			
4483	*409	096	171		
4483	089	328			
4484	086	325	015	176	
4484	095	328			
4485	067	347	342		
4485	267	402	149	095	328
4486	173	249	089		
4486	051	089			
4487	067	244	342	176	
4487	028	328			
4488	379	307			
4488	276	284			
4489	067	012	176		
4489	089	328			
4490	109	059	211		
4490	089	328			
4491	*053	114	000	
4491	086	328		
4492	205	267	342	176
4492	089	328		
4493	066	176		
4493	095	328		
4494	216	254		
4494	000	328		
4497	067	008	342	
4497	089	328		
4498	249	402	024	327
4498	095	328		
4499	072	216	254	
4499	087	328		
4500	*173	148	089	
4500	051	089		
4501	073	176		
4501	095	328		
4502	287	402		
4502	089	328		
4503	073	176		
4503	095	328		
4504	205	267	342	176
4504	089	328		
4505	087	253		
4506	249	000		
4506	051	130	*015	
4507	177	307	*149	
4507	000	059	211	
4508	048	342	176	
4508	095	328		
4509	048	342	176	
4509	089	328		
4510	205	267	342	176
4510	089	328		
4511	*335	294	342	
4511	089	328		
4512	103	403	342	
4512	089	328		
4514	267	089		
4514	124	051	342	
4515	000			
4515	087	328		
4516	048	342	176	
4516	095	328		
4517	263	344	000	
4517	177	197	000	
4518	267	089		
4518	086	211		
4519	103	403	342	176
4519	087	328		
4520	106	287	342	
4520	089	328		
4521	059			
4521	336	321		
4522	193	342	176	
4522	095	328		
4523	*193	342	176	
4523	089	328		
4525	000	287	342	
4525	089	*328		
4527	150	000		
4527	089	000		
4528	375	123	086	000
4528	089	328	
4529	000	*375	342
4529	095	000	
4530	336	176	
4532	331	233	000
4532	087	000	
4533	267	000	
4534	002	176	
4535	267	402	
4535	*205	*367	
4536	205	367	
4536	263	342	
4537	086	276	
4537	086	284	
4538	000	012	176
4540	000	342	
4541	048	342	176	253	*087
4543	048	342	176		
4543	089	328			
4544	171	059	211		
4544	095	328			
4545	000	149			
4545	267	000			
4546	000	*008	342		
4546	000	328			
4547	007	176			
4548	048	342	176		
4548	087	328			
4549	284	267	342		
4549	089	328			
4550	201	342	001		
4550	089	328			
4551	072	211	
4551	087	328	
4552	267	*099	000
4552	*086	328	
4553	103	403	342
4553	095	328	
4554	103	403	342
4554	087	328	
4555	103	403	342
4555	095	328	
4556	087	060	176
4556	087	328	
4557	409	*096	000
4557	087	000	
4559	000	*373	342
4559	*087	328	
4560	103					
4560	087					
4561	216	123				
4562	067	244	149	342		
4562	087	328				
4563	119	087	342	176		
4564	103	403	342			
4564	089	328				
4566	000	342	176			
4566	*086	328				
4571	000	*342	001	176		
4571	095	328				
4572	106	169				
4573	177	307	284			
4573	409	094	067	244	342	176
4574	086	327	*342			
4574	095	328		
4575	048	342	176	
4575	089	328		
4576	059			
4576	067	244	149	342
4576	095	328		
4577	051	130	015	176
4577	095	328		
4578	048	342	059	
4579	051	130	015	176
4579	095	328		
4580	072	216	254	
4580	087	328		
4581	137			
4581	*119	087	342	176
4581	095	328		
4582	067	244	342	176	
4582	095	328			
4583	171	198	087	284	
4583	217	081	347	342	
4584	171	198	087	284	
4584	150	123	067	244	342
4585	067	244	342	304	087
4585	089	328			
4586	048	342	176		
4586	267	402	149		
4586	089	328			
4587	067	244	342	176	
4587	095	328			
4588	059				
4588	006	176			
4588	089	328			
4589	048	047	379	245	245
4589	307	267			
4589	087	328			
4590	059				
4590	102	015			
4591	059				
4591	*119	087	342	176	
4591	095	328			
4592	307	387	342		
4593	333	*342			
4593	089	328			
4594	*294	336	342		
4594	087	328			
4595	121	051	130	000	
4595	089	328			
4596	000	*347	342	176	
4596	089	*328			
4597	000	*171	008	342	176
4597	089	328			
4599	216	033	087	252	391
4601	391	099	040		
4601	089	328			
4602	249	162	342	176	
4602	089	328			
4603	171	008	391	252	
4603	087	328			
4604	109	059	211	176	
4604	089	328			
4605	102	136	342	176	
4605	089	328			
4606	171	008	391	252	
4606	087	328			
4607	375	375	015					
4607	089	328						
4610	379	307	176					
4610	087	328						
4613	*065	249	000					
4613	089	328						
4614	017	327	128	342	097	104	169	
4615	086	067	342	001				
4616	000	*065	112	197	342			
4617	070	012						
4618	106	287	342					
4619	*287	087	180	099	067	112	194	*342
4620	244	343	102	*162				
4621	000	124	409	096	342	001		
4622	000	089	015					
4623	000	249	343	341	*012			
4624	028	162	343	000		
4625	000	249	162	342		
4626	059	194	*342			
4627	017	336	161			
4628	086	178	389	015		
4629	103	403	342			
4630	417	267	402	097	048	342
4631	136	247	204	110	342	
4632	008	342				
4633	226	000				
4634	017	102	287	381	*065	000
4635	059					
4635	171	059	211			
4636	233	000				
4636	087	000				
4637	173	000				
4637	*087	000			
4639	000	176			
4639	000	328			
4641	000	171	008	342	176
4641	089	328			
4642	059				
4642	245	245	307	342	176
4642	087	328			
4643	000	099	106	169	
4644	059	127	015	176	
4645	059				
4645	245	245	307	342	176
4645	087	328			
4646	065	249	162	342	176
4646	089	328			
4647	000	193	342	176	
4647	087	328			
4648	149				
4649	051	130	015		
4649	087	328			
4650	249	162	342		
4651	103	403	342	176	
4651	102	216	245	245	
4652	102	025			
4653	373	341	342		
4653	328	328	328		
4654	053	171	059	342	176
4655	127	008	342		
4656	000	059	342	176	
4657	387	072	087	294	342
4658	267	402	149		
4658	142	403	087	342	
4659	072	211	176		
4660	000				
4660	089	328			
4661	072	182	293	342	176
4661	*086	328			
4663	025	097			
4664	072	211	176		
4665	391	099	040		
4665	087	328			
4666	051	130	149	342	176
4666	089	328			
4667	387	065	072	336	000
4667	*086	328			
4668	000	015	176		
4669	219	209	343	106	169
4670	067	294	342		
4670	089	328				
4671	000					
4671	089	328				
4672	067	336	089	216	254	176
4672	177	197	192	341	089	328
4673	391	099	067	072	211	
4673	089	328				
4674	245	245	307	342	176	
4674	089	328				
4675	*017	336	319			
4675	089	328				
4676	072	216				
4677	048	342	000			
4678	403	187	087			
4678	095	328				
4679	136	193	342	176		
4679	087	328		
4680	311	015	176	
4680	089	328		
4681	000	051	342	
4681	095	328		
4682	379	307	176	
4682	087	328		
4683	084	051	342	
4683	095	328		
4684	175	176	211	176
4684	089	328		
4685	325	347	*342	
4685	095	000		
4686	096	402		
4686	089	328		
4687	150	123	000	
4687	000	*380	000				
4689	204	150	193	342			
4689	089	328					
4690	249	162	342	176			
4691	135	365	410				
4691	087	328					
4692	311	015	176				
4692	089	328					
4693	117	125	059				
4694	391	097	225	000			
4694	089	375	162	000			
4695	278	065	000				
4696	391	099	387	000			
4697	000	342					
4698	*059	336	204	008	342	124	169
4699	000	099	116	342			
4700	112	197	000			
4700	087	328				
4701	253	244	193	056		
4702	067	072	342	388	176	
4702	089	328				
4703	249	162	000			
4704	000	149	342	176		
4704	089	328				
4707	000	135	192	000		
4709	226	342				
4710	000	169				
4712	070	051	000			
4713	298	342	*254			
4714	244	252	000			
4715	000	342	176			
4716	*389	065	249	169	342	176
4717	*102	051	130	176			
4717	*336	267	341	089	000		
4718	343	162	343	086	336	089	211
4718	089	328					
4801	345	347	342				
4802	*312	102					
4803	102	059	249	000			
4804	313	102					
4805	067	244	149	342			
4806	066	176					
4807	089	210					
4808	059	327	158	000			
4809	089	342	124	000			
4810	070	216	000				
4811	*307	155	097	211			
4812	*267	099	059	*053	000		
4813	391	099	053	342		
4814	214					
4815	012					
4816	000	*012				
4817	000	*015				
4819	000	342	176			
4820	112	331	342			
4821	118					
4823	253	230				
4824	204	230				
4826	*059	*059	*342			
4827	000	342	053	373	287	*342
4832	067					
4833	089	089	121	000		
4834	216					
4835	267	099	000			
4838	245	245	000	
4839	025	*342		
4840	150	000		
4841	015			
4843	150	123	104	169
4844	001			
4845	102			
4846	253	230		
4848	000	*062	*065	000
4849	000	087	059	000
4852	115			
4853	*109	059		
4854	365	096	000	
4855	102			
4856	096	137		
4857	110			
4861	102	104	
4864	000	245	
4865	391	000	
4868	104		
4871	284	277	
4873	109	059	
4874	127		
4875	007		
4876	127		
4877	000	387	000
4878	000	345	000
4879	176		
4880	059		
4881	100	104	
4884	000	342	
4901	293	244	393
4902	000	244	393						
4905	373	008	373						
5001	*375	342							
5003	000	216	000						
5006	100	169							
5010	087	373	000						
5016	178	389	015						
5017	032	097	000						
5023	000	025	000						
5031	192	347	342						
5034	000	402							
5035	389	342	*124	169					
5046	267	099	002	014					
5051	111	342							
5052	053	070	072	342	407	169	178	389	015
5054	109	162							
5055	267	099	204	245	347	342			
5056	267	343							
5056	267	343	067	244	342				
5057	054	123	112	169					
5058	267	099	072	336	089	327	128	342	
5059	*293	*123	000						
5060	292	342							
5061	345	341	099	065	407	294	375	336	000
5062	267	099	389	070	336	089	211		
5063	102	015							
5064	293	123	065	206	086	342			
5065	000	099	192	342					
5066	000	348	342						
5067	293	123	389	053	*072	000			
5068	000	*067	053	342	000				
5069	127	347	342						
5070	395	099	104	169					
5071	000	204	112	342					
5072	327	342							
5073	087	391	087						
5073	364	051	130	099	067	244	342		
5074	*076	402	053	067	072	342	017	407	169
5076	000	343	204	245	347	342			
5077	328	086	015						
5078	261	186	307	097	249	336			
5080	173	099	102	053	342				
5081	387	171	059	112	197	342			
5083	000	*387	*067	072	139				
5084	267	099	072	403	087	*342			
5085	391	099	336	256	342				
5086	402	195	343	065	342	001			
5087	070	327	128	342					
5088	221	127	344									
5089	336	089	211									
5090	261	134	086	099	065	249	169	342				
5091	270	099	389	*066								
5092	411	*237	000									
5093	102	015										
5094	017	254										
5096	341	028	381	252	099	389	070	336	089	407	087	169
5099	041	226	254									
5100	150	123	104	169								
5101	087	284	342	098	178	389	015					
5102	086	210	267	402								
5103	403											
5104	000	071										
5105	178	389	015									
5107	000	293	245	342								
5108	150	123	089	089	000						
5109	000	402	123	051	130	149	000				
5110	387	065	000								
5114	053	067	336	089	018	211					
5115	000	099	249	162	342						
5119	391	099									
5119	102	287	342	242							
5120	292	342									
5123	249	167	012								
5124	244	051	130	176							
5201	102	025									
5203	102	190									
5203	374										
5204	102	190									
5204	374										
5205	*389	171	059	182	293	051	130	149	249	169	342
5206	373	341	342			
5207	210	169	099	067	211	
5208	210	169	099	067	211	
5209	210	169	099	067	211	
5210	210	169	099	067	211	
5211	389	065	249	169	342	176
5212	210	169	099	067	211	
5213	210	169	099	067	211	
5214	210	169	099	067	211	
5215	210	169	099	067	211	
5216	210	169	099	067	211	
5217	210	169	099	067	211	
5218	210	169	099	067	211	
5219	210	169	099	067	211	
5220	210	169	099	067	211	
5221	373	048	000			
5222	065	249	162	342							
5222	089	328									
5223	065	249	162	342							
5223	089	328									
5225	000	087	261								
5226	053	171	059	342	176						
5227	389	171	059	182	293	*051	*130	149	249	169	342
5228	219	209	000								
5229	*389	171	059	182	293	051	130	149	249	169	342
5230	389	171	059	182	293	051	130	149	249	169	342
5231	389	065	249	169	342	176					
5232	389	065	249	169	342	176					
5233	000	343	*008	000							
5234	389	171	059	182	293	*051	*130	149	249	169	342
5235	000	249	162	342							
5236	053	171	059	342	176						
5237	267	099	067	135	342	
5237	065	059	048	342		
5238	267	099	067	135	342	
5238	065	059	048	342		
5239	267	099	067	135	342	
5239	065	059	048	342		
5240	267	099	067	135	342	
5240	065	059	048	342		
5241	000	135	342			
5241	000					
5242	178	389	015			
5243	337	294	015	176		
5244	337	294	015	176		
5245	178	389	015			
5246	389	171	059	182	293	000
5249	204	000	176			
5250	*103	403	342								
5250	328	059									
5251	178	389	015								
5252	067	135	347	342							
5252	345	328									
5253	389	171	059	182	293	051	130	149	249	162	342
5254	263	343	113	342							
5254	177	197	192	341	089	328					
5255	178	389	015								
5256	389	171	059	182	293	051	130	149	249	169	342
5257	067	135	000								
5257	345	328									
5259	*389	065	249	169	342	176					
5260	204	000									
5261	150	123	067	244	342						
5262	210	169	099	067	211						
5263	047	048	008	342	176	
5264	267	099	067	294	342	
5264	087	328				
5265	373	048	373			
5266	373	342				
5267	373	048	373			
5268	048	*342	*176			
5269	409	096	171			
5269	089	328				
5270	175	176	211	176		
5270	087	328				
5271	040	176				
5271	095	328				
5274	245	245	307	342	176	
5274	089	328				
5275	389	065	249	169	342	176
5276	065	249	169	342	176
5276	089	328			
5277	070	048	342	176	
5277	095	328			
5278	150	123	067	000	
5278	089	328			
5279	025	245	245		
5280	204	112	342		
5281	000	375			
5281	000	328			
5282	204	230	342	176	
5283	067	072	342	388	176
5283	089	328	028		
5284	178	389	015		
5285	379	307	176		
5285	087	328			
5286	065	249	162	342	
5286	089	328			
5287	000	249	169	342	176
5288	070	053	048	342	
5289	067	135	347	342	
5289	345	328			
5291	053	067	000		
5291	089	000			
5292	336	051	008	342	176
5292	095	328			
5293	048	193	342		
5293	087	328			
5296	137				
5296	178	389	015		
5297	000	249	169	342	176
5298	373	000			
5299	391	123	216	254	
5300	067	204	*112	342	176
5301	040	176			
5302	067	211			
5302	095	328			
5303	391	099	040		
5303	167	087	328		
5304	253	230			
5305	127	342	176	403	340
5306	373	342	176		
5308	103	403	342	176	
5309	153	153	*048	000	
5310	293	123	343	102	169
5310	089	328			
5311	000	135	347	342	
5311	345	328			
5312	127				
5313	127				
5314	127				
5315	127				
5316	127				
5317	*065	072	078	*347	342
5317	087	328			
5318	*065	072	078	347	342
5318	087	328			
5319	149	059	000		
5319	089	328			
5320	177	307	284		
5320	171	059	211		
5321	059	066	176		
5321	089	328			
5322	*391	104	162		
5322	089	328				
5323	065	071	176			
5323	087	328				
5324	267	402	000			
5324	403	087	342			
5325	000	391	099	000		
5325	280	328	342			
5326	054	254	176			
5327	397	233				
5327	087	328				
5328	048	000	149	342		
5329	177					
5329	186	173	086	099	067	000
5331	102	*025				
5332	000	230	053	342		
5333	102	025				
5334	067	135	000		
5334	345	328			
5335	136	193	342		
5335	089	328			
5336	136	193	342		
5336	087	328			
5337	150	123	067	244	342
5337	089	328			
5339	000	048	373		
5340	*175	230	053	342	
5341	375	375	342		
5401	142	149			
5401	119	087	342	176	
5402	067	244	149	342	
5402	087	328			
5403	000	176			
5403	000	176	
5404	249	169	342
5405	048	342	176
5405	095	328	
5406	073	176	
5406	095	328	
5407	048	342	176
5407	089	328	
5408	048	*342	000
5408	089	328	
5409	048	342	176
5409	089	328	
5410	287	402	
5410	087	328	
5411	048	342	176
5411	089	328	
5412	048	342	176
5412	089	328	
5413	048	342	176
5413	089	328	
5413	089	328	
5414	000	342	176
5414	*086	328	
5415	048	342	000
5415	087	328	
5416	048	342	176
5416	089	328	
5417	245	000	
5417	307	000	
5418	287	402	
5418	095	328	
5419	048	342	176
5419	089	328	
5420	048	342	000
5420	087	328	
5421	048	342	176
5421	089	328	
5422	048	342	176
5422	089	328	
5423	048	342	176
5423	089	328	
5425	*048	342	176
5425	089	*328	
5426	048	342	176
5426	095	328	
5427	048	342	176
5427	095	328	
5428	000	342	
5428	000	328		
5429	000			
5429	*087	328		
5430	048	342	176	
5430	095	328		
5431	258	347	342	176
5432	048	342	176	
5432	095	328		
5433	048	342	176	
5433	095	328		
5434	048	342	176	
5434	089	328		
5436	287	402		
5436	089	328		
5437	048	342	176	
5437	089	328		
5438	000	342	176
5438	089	000	
5440	048	342	176
5440	095	328	
5441	103	403	000
5441	087	000	
5442	048	342	176
5442	089	328	
5443	048	342	000
5443	087	328	
5444	138	176	
5444	087	328	
5446	000	342	176
5446	089	000	
5447	048	342	176
5447	095	328	
5449	048	342	*176
5449	*089	328	
5450	171	059	211
5450	095	328	
5451	000	342	176
5451	089	000	
5452	103	403	342
5452	089	328	
5453	307	387	342
5454	*103	403	*342
5454	087	328	
5455	000	342	
5455	095	328	
5456	000	342	176
5456	000	328	
5457	048	342	176
5457	089	328			
5458	048	342	176		
5458	*089	000			
5459	258	347	342	176	
5460	173	059	342	347	176
5460	095	328	059		
5461	173	059	347	342	176
5461	095	328	059		
5462	326				
5462	104	369	342		
5463	059				
5463	102	015			
5464	048	342	176		
5464	087	328			
5466	053	347	342		
5466	087	328			
5467	326			
5467	104	368	342	
5469	072	216	254	
5470	103	403	342	
5471	177	307	149	
5471	076	343	224	
5471	095	328		
5472	286	087	015	
5472	087	328		
5473	067	244	342	176
5473	328	028		
5474	403	087	342	
5474	089	328		
5475	102	059	342	
5476	391	123	124	342
5476	087	328		
5477	060	176		
5478	072	216	254	
5478	089	328		
5479	067	244	149	342
5479	087	328		
5480	086	267	089	
5480	124	051	342	
5481	067	244	342	176
5481	028	328		
5482	000	284		
5482	409	*094	000	
5483	000			
5483	087	328		
5484	328	059		
5485	142	149		
5485	119	087	342	176
5486	142	149			
5486	*119	087	342	176	
5487	072	087	403	342	176
5488	000	*244	342	176	
5489	*217	000			
5490	048	047	379	245	245
5490	307	267			
5490	087	328			
5492	000	051	130	000	
5492	095	000			
5494	177	307	284		
5494	067	012			
5495	*109	245	245		
5495	089	328			
5496	072	211			
5496	089	328			
5497	336	244	193	012	176		
5497	095	328					
5498	119	087	342	176			
5498	087	328					
5499	048	342	176				
5499	089	328					
5501	217	000					
5504	307						
5505	087	155	169				
5506	006	097					
5507	267	*099	087	403	072	059	000
5508	267	099	194	342			
5510	000	*018	169				
5510	186	017					
5511	102						
5513	*102						
5514	100				
5515	102				
5515	000	373	012		
5516	000	169	342		
5517	102				
5518	287	102	134	137	
5519	284	277			
5601	*137	102	*169		
5601	182	293	342		
6104	345	051			
6104	059	*127	342		
6108	216	123			
6108	065	*294	176	211	093
6109	328	307			
6111	107	017	087	391	087
6112	267	099			
6112	067	244	342			
6113	234	342	343	225	087	261
6113	093					
6114	267	099	028			
6115	373	162	402			
6115	087	162	127			
6116	261	134	098	099	087	060
6116	100	329	*028	162		
6118	149					
6118	012	093				
6120	150	123	228	342		
6121	326	342				
6122	008	342				
6122	001					
6123	244	162	176	401		
6124	267	099	065	062	342	
6124	093									
6125	095	078	402	099	009	008	342	017	407	169
6126	293	123	171	059	048	000				
6127	067	336	089	387	072	012				
6128	249	169	342							
6129	267	099	087	059	070	342				
6130	351	402	098							
6131	139									
6132	343	180	099	341	017	342				
6133	293	123	086	250	093	404				
6201	307	*158	343	124	342					
6202	065	067	342	012						
6202	093									
6203	104	149	267	099	093					
6203	103	403	*162							
6204	267	099	065	062	342					
6204	093						
6205	000	062	342	001			
6205	212	212	267				
6206	267	099	387	065	211		
6207	267	099	053	067	336	089	211
6208	391	099	000				
6209	069	015					
6210	205	373	086	373	012		
6211	267	099	087	060			
6213	086	293	176	342			
6214	267	099	102	162			
6215	067	336	089	387	059	000	
6216	267	099	086	*216	000		
6217	267	099	387	072	211		
6218	*387	375	375	342			
6218	093						
6219	267	099	087	059	067	008	000		
6220	293	123	098	067	*060				
6220	017	245	249						
6221	353	123	087	059	000				
6222	293	123	343	102	190				
6223	341	197	123	406	162				
6224	267	099	087	048	342				
6225	121	014							
6226	065	135	342						
6227	198	302	343	072	387	342			
6228	067	008	342	012					
6229	104	149	180	099	403	087	342		
6230	186	293	099	109	342				
6231	293	123	343	086	249	162	014		
6232	327	254							
6233	000	*059	387	087	059	017	406	162	093
6234	086	336	321					
6235	169	342						
6301	048	342						
6303	214							
6304	051	155	211					
6305	121	342						
6305	374							
6306	109	059	367	380	314	106	018	162
6306	*129	287	086	065	067	403	087	342
6402	000	327	089	381	028	175		
6402	180	099						
6402	029	267						
6403	087	244	403	180	099			
6403	087	326	342	093				
6405	051	*177						
7001	126	087	373	*328	162			
7002	104	015							
7004	226	254							
7005	267	402	099	124	162				
7006	248	406	169						
7007	246	407	169						
7008	267	*099	*387	000					
7009	204	230	067	072	336	089	211		
7011	216	254							
7013	293	123	387	087	059	294	249	169	342
7015	018	381	099	072	216	254			
7016	194	194	000						
7017	293	077	245	126	097	106	169		
7018	000	*112	197	342					
7019	294	017	000						
7020	249	214	097	258	347	342			
7021	099	380	123	087	059	072	403	087	*342
7022	065	222	*254					
7023	150	*123	*048	*342	176			
7024	320	032	123	067	053	342		
7025	162	343	087	060				
7025	141	272						
7026	267	099	364	051	130	336	*249	000
7027	256	391						
7028	244	343	072	066	127	168		
7029	216	342						
7030	000	347	342					
7031	018	162	123	072	216	254	097	175
7032	017	169	123	102	190			
7034	000	*041	*304	167	169			
7035	103	403	342					
7036	000	017	109	162				
7038	391	099	087	059	*073			
7039	017	267	342				
7040	106	015					
7042	286	099	047	347	342		
7043	065	135	342				
7044	173	098	150	233	099	000	
7044	217	347	342				
7045	293	123	343	249	169	342	
7046	*373	008	*342				
7047	391	123	025	015			
7048	103						
7048	158						
7048	409						
7048	059						
7048	000	386	186	087	059	294	342
7049	162	249	012				
7050	000	*342	*001				
7053	067	008	012			
7054	267	099	102	000		
7055	*065	*072	342	223		
7056	065	067	294	342		
7057	065	072	222	254		
7062	267	099	375	051	*155	211
7063	400	344	102	169		
7064	000	391	252	097	339	
7065	402	121	121	336	197	
7066	267	099	072	342	001	
7068	391	099	067	389	*342	
7069	391	123	128	342	216	254
7070	*048	*065				
7072	107	169				
7073	000	099	032	000		
7074	*120	053	099	054	254	
7075	373	373						
7076	000	072	342	051	001			
7077	204	245	342	001				
7078	205	104	162					
7080	086	197	099	065	008	342	001	
7081	361	169	402	123	098	102	190	
7082	153	153	171	059	211			
7085	*326	341	336	214				
7086	100	047	099	098	173			
7088	267	099	070	348	342			
7089	000	096	019	099	174	230	053	*342
7090	267	099	065	222	254			
7092	000	389	053	000				
7093	000	415	342					
7094	258	347	342	098	141			
7095	267	099	375					
7096	391	099	086	171				
7097	403	087	342					
7098	219							
7099	197	086	123					
7099	197	086	123	000				
7100	292	342						
7101	072	048	342					
7102	247	267	099	186	211			
7103	267	099	067	000				
7104	000	112	342					
7105	389	070	099	287	059			
7106	072	048	342					
7107	162	267	099	048	342	059	327	254
7111	284	099	173					
7112	267	099	113					
7201	169	169	169	001				
7201	000	294	342				
7202	032	249	186				
7203	267	099	113	342			
7204	150	123	105	017	169		
7205	267	099	113	342			
7206	267	099	113	342			
7207	293	*403	402	099	065	000	
7209	000	378	000				
7211	000	258	347	342			
7212	000	209	343	098	121	059	000
7213	000	066					
7214	*267	099	155	211			
7215	336	209	343	098	121	000	
7215	286	099	087	249	162	342	
7216	000	099	258	347	342		
7217	000	258	347	342			
7217	267	099	000					
7217	000	059	342	001				
7217	286	099	000					
7218	000	089	358	342				
7218	000	099	387	053	342			
7219	245	245	099	067	000			
7219	186	293	099	000				
7220	245	245	099	067	072	059	211	
7221	000	209	343	000				
7222	100	017	000					
7223	286	099	087	249	162	000		
7224	*336	209	343	098	121	059	342	001
7225	245	245	099	000				
7227	336	209	000					
7227	327	343	000	*081	000			
7227	000							
7228	267	099	113	342				
7229	267	099	000					
7230	267	099	113	342				
7231	267	099	113	342				
7232	267	099	113	342				
7233	267	099	113	342				
7234	267	099	113	342				
7235	267	099	*113	000				
7236	336	209	343	098	121	059	342	001
7236	186	293	099	000				
7236	286	099	000					
7237	336	209	000					
7237	000	087	249	000				
7238	328	299	245	245	000			
7239	000	209	*343	098	121	059	342	001
7240	100	017	008	342				
7241	336	209	343	098	121	*059	000	
7242	000	209	343	098	121	059	342	001
7243	*293	*123	104	059	327	342		
7244	204	245	358	342	012			
7245	267	099	000					
7246	000	067	072	211				
7247	150	123	067	072	211			
7247	245	245	099	067	000			
7248	286	099	087	249	162	000		
7248	267	099	000					
7249	336	209	343	098	121	059	342	001
7249	267	099	066					
7251	186	293	099	000				
7251	267	099	066					
7252	245	245	099	067	072	059	211	
7253	336	209	343	098	121	059	342	001
7253	000	028						
7253	286	099	000					
7255	267	099	066					
7257	391	099	155	*211				
7258	186	293	099	*258	347	342		
7258	336	209	343	098	121	000		
7259	065	070	000					
7260	343	*237	081					
7261	017	081	099	*121	053	342		
7262	000	099	041	249	000			
7262	000	099	041	249	000			
7263	000	067	000					
7263	150	123	067	000				
7265	336	209	343	098	121	059	342	001
7266	336	*028	000					
7267	072	249	*169	*342				
7267	267	099	066			
7268	286	099	000			
7269	267	099	066			
7270	391	123	065	000		
7271	389	000				
7272	000	053	342			
7273	000	171	060			
7274	059	028	336	182		
7275	000	197	252			
7277	402	099	070	008	342	
7277	000	099	059	059	327	342
7277	000	*343	067	192	347	342
7278	267	099	086	005		
7279	336	089	211			
7280	000	249	328	086	217	342
7281	000					
7281	391	000	135	342						
7282	197	086	059	123	087	060	072	000		
7283	*293	123	*343	065	051	130	149	000		
7283	*293	123	343	000						
7301	209	169	000	*259	347	000				
8001	149	342								
8002	303	121								
8003	051	302								
8004	216	098	319	342						
8006	402	099	249	267	402	099	051	130	149	342
8007	175	341	342							
8008	089	089	012	274						
8009	087	244	206	086						
8011	249	162								
8011	402									
8012	244	330	343	000						
8012	267	094						
8013	119	012						
8015	000	109	176					
8015	000	376	375					
8016	307	086	099	098	107			
8017	028	343	387	067	072	211		
8018	092	099	000					
8019	000	099	112	194	342			
8020	216	391	267	402				
8020	341	342	242					
8021	287	102	059	342	001			
8022	267	099						
8023	387	072	048	342				
8024	102	169						
8025	267	099	073					
8026	293	123	343	100	017	081	089	089
8027	228	342							
8029	089	391	099	127	127	342			
8030	000	342	001						
8031	104	162							
8033	171	099	278						
8034	287	373	171	341	342				
8035	000	*112	342	001					
8036	000	232							
8037	160	022	125	059	099	070	211		
8038	205	395	099	192	343	167	127		
8039	344	217	344	103	403	347	342		
8040	017	230	099	356	180				
8041	102	059	342	*012					
8042	059								
8043	343	229	233	059	097	389	048	017	342
8044	391	123							
8044	067	342	001					
8045	000	180	099	048	193	342		
8047	417	012						
8048	070	211						
8050	391	099	102	*012				
8051	244	343	112	194	342			
8052	059							
8053	000	059	000					
8054	084	127	343	163				
8055	204	367	342	176				
8056	192	059	370	308	175	214	342	176
8056	287	324	324	287	282			
8058	106	169						
8059	089	002	162					
8060	000	180	099	175	230	000		
8061	124	012						
8062	391	099	087	059	070	194	342	
8071	326							
8071	*342							
8072	341	127	373	373	267	094	347	
8101	375	202	099	201	342	001		
8101	*391	099	059	336	089	*211		
8101	000	162	252	099	175	086	000	
8101	000	032	*205	336	000			
8102	*327	000	211					
8103	000	244	176					
8104	391	099	162	267	342			
8105	000	053	087	341	171	008	342	
8106	267	099	104	*169				
8108	001	001	121	121	099	172	304	307
8109	001	001	121	121	099	172	304	307
8110	001	001	121	121	099	172	304	307
8111	001	001	121	121	099	172	304	307
8112	001	001	121	121	099	172	304	307
8113	001	001	121	121	099	172	304	307
8114	216	000	087	*053	000			
8114	000							
8114	000							
8115	001	001	121	121	099	172	304	307
8116	000	342						
8116	267	099	000	373	287	342		
8117	076	342	176					
8117	087	328						
8118	*048	342	176					
8118	089	000						
8119	267	099	175	230	053	342		
8119	267	099	175	*230	*053	342		
8119	000	342						
8120	*391	057	402	123	086	015
8121	326					
8121	326					
8122	267	099	102	162		
8201	249	167	342	176		
8202	328	053	342			
8204	245	342				
8205	*048	342				
8206	000	174	342			
8207	*086	047	000			
8208	000	342	176			
8209	047					
8210	214	087	*059	000		
8211	*059					
8212	344	216				
8213	102	169				
8214	269									
8215	121	342	176							
8216	000	342								
8217	000	342	001							
8218	048	342								
8219	216	123	098	065	000					
8220	089	375	162							
8221	000	*087	211	072	102	000				
8301	267	236	000							
8301	106									
8302	*267	099	067	342	001					
8302	313									
9001	267	099	072	387	342					
9011	028	249	162	099	065	340	041	245	347	342
9021	171	060	176							
9022	065	087	284	342						
9022	112	194	342					
9022	000	180						
9031	065							
9041	*017	293	249	*024				
9042	146							
9051	089	032	086	261	343	087	059	000
9061	112	169						
9062	112	169						
9063	112	169						
9071	267	099	098	067	072	182	293	342
9073	*328	307	099	087	166			
9084	173	059	000					
9085	*153	263	000					
9091	391	028	162	099	104	162		
9092	343	387	162	123	342			
9092	219							
9093	343	*261	000					
9094	391							
9095	343	000						
9101	365	216	342	414	059			
9102	365	111	342					
9103	213							
9104	204	*169	*127					
9111	336	307	123	048	342	226	254	
9121	267	099	086	325	012			
9201	043	180	099	066				
9202	267	099						
9203	267	099						
9204	110							
9204	162							
9205	150	123	102	190				
9211	287	136	323	287	015	*176	001	303
9221	175	180	400					
9701	000	*336	089	018	211	178	*387	000
9701	000	053	070	216	254			
9701	000	*121	051	130	149	000		
9801	173	010	097	121	185	097	297	057
9811	029	336	099	104	162			
9821	000	067	244	342				
9822	173	403	123	102	059	249	162	342
9832	254	074	297	184	003			
9833	000	001	000	157	097	000		
9834	000	075	000					
9842	*175	012	*182					
9845	175	001	000	*059	051			
9845	374							
9846	171	387	097	341	107			
9851	327	*128	162	048	015			
9852	051	103	345	*307	342		
9901	178	053	097	342	342		
9902	*065	001	001	245	245		
9903	*018	102	059	098	*294	134	089
9904	011	326	021	021	153		
9905	059	059	167				
							
							
